# cline: mcl /shared/Bpertussis/orthology_based_reconstruction/orthofinder_wd/OrthoFinder/Results_Nov08/WorkingDirectory/OrthoFinder_graph.txt "-I" "1.5" "-o" "/shared/Bpertussis/orthology_based_reconstruction/orthofinder_wd/OrthoFinder/Results_Nov08/WorkingDirectory/clusters_OrthoFinder_I1.5.txt" "-te" "1" "-V" "all"
(mclheader
mcltype matrix
dimensions 7720x6213
)
(mclmatrix
begin
0    288 1400 3510 3843 4025 4903 5156 5223 6204 6779 6822 7392 7496
       7575 $
1    1642 4589 4712 4945 5221 6017 6717 7258 $
2    913 1048 2020 2409 3072 5409 7380 $
3    2145 4085 4748 4763 5179 5306 7069 $
4    21 376 2249 2590 4683 $
5    415 3355 5107 6664 6825 $
6    453 1171 1935 5802 6905 $
7    534 955 2810 2909 7032 $
8    853 4251 6397 7446 7479 $
9    2098 3763 4182 6788 7138 $
10   5 3180 5400 5787 $
11   177 3121 4811 7009 $
12   193 1839 2205 4452 $
13   274 1054 6520 7148 $
14   329 3909 4420 5100 $
15   364 1793 6693 7518 $
16   479 3257 3401 5943 $
17   587 4984 7235 7526 $
18   738 1478 3534 6942 $
19   893 5300 7216 7217 $
20   1105 4722 4953 6778 $
21   1311 4732 4735 6781 $
22   1357 1718 2411 7545 $
23   1806 6395 7444 7477 $
24   2101 4832 5467 5923 $
25   2474 2674 3410 5350 $
26   3315 4262 6356 6496 $
27   52 1352 4702 $
28   65 971 6594 $
29   74 5871 5899 $
30   85 4395 5154 $
31   92 4296 5889 $
32   312 1592 3704 $
33   387 5734 7701 $
34   498 1850 6557 $
35   541 5484 5932 $
36   567 3160 5627 $
37   581 3693 7043 $
38   597 6501 6655 $
39   742 743 5082 $
40   785 5035 7166 $
41   786 3222 5850 $
42   837 5482 5917 $
43   838 5469 5920 $
44   858 2216 7129 $
45   867 4274 6150 $
46   871 4611 6924 $
47   879 6176 7414 $
48   920 3592 6249 $
49   957 4118 6480 $
50   1005 4991 7563 $
51   1011 4717 6432 $
52   1038 2082 7693 $
53   1056 4209 4757 $
54   1089 5109 7476 $
55   1128 7313 7329 $
56   1277 4541 6137 $
57   1288 3766 4925 $
58   1329 4730 5695 $
59   1416 3573 4618 $
60   1428 4999 5843 $
61   1429 2779 4287 $
62   1453 4264 7070 $
63   1500 4440 7081 $
64   1523 1524 5614 $
65   1573 5000 5854 $
66   1614 5957 6641 $
67   1627 2006 7154 $
68   1633 5180 5206 $
69   1668 5378 6753 $
70   1715 2770 5876 $
71   1994 4071 5530 $
72   1995 4068 5510 $
73   2078 5042 5498 $
74   2149 5474 5749 $
75   2172 6820 7047 $
76   2191 4877 7573 $
77   2208 2864 3767 $
78   2265 3524 7328 $
79   2309 3244 3952 $
80   2478 3620 7092 $
81   2498 4333 6119 $
82   2597 3913 7228 $
83   2647 2860 3621 $
84   2689 4755 7160 $
85   2708 4031 4048 $
86   2729 2737 3812 $
87   2749 4334 7031 $
88   2774 2776 6967 $
89   2875 4479 5717 $
90   2902 3414 7285 $
91   2915 4783 5315 $
92   2925 4293 5898 $
93   2992 3757 5890 $
94   3040 4617 5353 $
95   3112 3564 6572 $
96   3219 6813 7378 $
97   3278 6198 6291 $
98   3380 4186 5708 $
99   0 4214 $
100  1 4216 $
101  6 5398 $
102  7 5404 $
103  8 5402 $
104  9 5393 $
105  10 5391 $
106  11 5397 $
107  12 5395 $
108  13 5386 $
109  27 7513 $
110  28 7516 $
111  29 6671 $
112  32 6199 $
113  36 3996 $
114  41 7675 $
115  44 4493 $
116  45 4492 $
117  59 7463 $
118  60 5159 $
119  61 4799 $
120  63 5650 $
121  64 5648 $
122  69 5885 $
123  70 6858 $
124  71 5874 $
125  72 4290 $
126  75 3438 $
127  76 6969 $
128  77 6955 $
129  80 5417 $
130  87 4396 $
131  88 4397 $
132  89 4406 $
133  90 5896 $
134  91 5887 $
135  95 3668 $
136  97 7229 $
137  110 4640 $
138  112 6385 $
139  116 4329 $
140  124 3471 $
141  125 3472 $
142  128 6170 $
143  130 7017 $
144  131 7015 $
145  132 7607 $
146  133 6050 $
147  134 3854 $
148  137 3844 $
149  139 4792 $
150  141 3873 $
151  142 3862 $
152  143 5272 $
153  145 5794 $
154  149 4033 $
155  150 7355 $
156  152 7374 $
157  153 3597 $
158  154 3595 $
159  155 5849 $
160  159 4136 $
161  160 7412 $
162  162 5578 $
163  164 5716 $
164  165 5715 $
165  166 5714 $
166  174 5377 $
167  182 7654 $
168  183 5621 $
169  185 4651 $
170  189 7527 $
171  195 6071 $
172  203 4930 $
173  204 4927 $
174  206 3515 $
175  207 3511 $
176  208 3919 $
177  209 3920 $
178  210 7104 $
179  211 6636 $
180  212 3923 $
181  213 6133 $
182  217 7361 $
183  222 3830 $
184  223 3829 $
185  224 4902 $
186  225 5565 $
187  226 5567 $
188  227 7474 $
189  232 6318 $
190  233 6308 $
191  237 6281 $
192  238 3473 $
193  239 6304 $
194  244 7471 $
195  246 7493 $
196  247 4332 $
197  248 6177 $
198  267 4898 $
199  268 5381 $
200  270 5065 $
201  271 6118 $
202  272 6120 $
203  276 5470 $
204  277 3449 $
205  278 6365 $
206  285 6834 $
207  289 5361 $
208  290 7551 $
209  293 3437 $
210  294 7621 $
211  298 3429 $
212  299 3432 $
213  303 4659 $
214  316 7116 $
215  317 7679 $
216  319 7121 $
217  323 6421 $
218  324 6420 $
219  325 6428 $
220  326 4383 $
221  327 4385 $
222  328 5080 $
223  330 7119 $
224  332 5619 $
225  335 4707 $
226  336 4710 $
227  337 4716 $
228  340 3736 $
229  341 3663 $
230  343 7596 $
231  344 6853 $
232  345 7026 $
233  347 7101 $
234  349 7531 $
235  351 6509 $
236  356 7454 $
237  357 6723 $
238  373 3567 $
239  377 5984 $
240  393 6387 $
241  395 7671 $
242  399 3445 $
243  404 6680 $
244  406 5267 $
245  409 4148 $
246  410 4151 $
247  412 4372 $
248  413 4373 $
249  416 7010 $
250  420 4069 $
251  421 4466 $
252  422 4463 $
253  423 4462 $
254  424 4465 $
255  425 6311 $
256  426 4464 $
257  431 7245 $
258  438 5536 $
259  448 5705 $
260  468 5162 $
261  474 6285 $
262  475 6284 $
263  478 4727 $
264  485 6166 $
265  486 6160 $
266  491 6286 $
267  495 6280 $
268  496 3691 $
269  506 3643 $
270  507 3637 $
271  517 6996 $
272  519 6070 $
273  520 7011 $
274  521 7004 $
275  522 7006 $
276  523 6991 $
277  524 6993 $
278  525 3817 $
279  526 6997 $
280  527 7176 $
281  528 5171 $
282  540 5495 $
283  563 7303 $
284  571 6423 $
285  578 4233 $
286  589 3639 $
287  590 3642 $
288  591 3624 $
289  592 6188 $
290  593 7120 $
291  596 6660 $
292  599 4386 $
293  600 6375 $
294  603 6372 $
295  604 6382 $
296  607 4511 $
297  608 4510 $
298  609 7147 $
299  614 7250 $
300  619 5991 $
301  633 4035 $
302  641 6442 $
303  642 4536 $
304  643 4530 $
305  644 4531 $
306  646 4532 $
307  647 6710 $
308  658 4484 $
309  660 4494 $
310  666 4775 $
311  679 4629 $
312  680 4627 $
313  681 4335 $
314  684 4688 $
315  685 4687 $
316  688 4615 $
317  691 5560 $
318  692 4551 $
319  693 6205 $
320  701 6931 $
321  702 5335 $
322  707 5439 $
323  716 3607 $
324  727 6930 $
325  728 6929 $
326  730 6928 $
327  731 6935 $
328  732 6934 $
329  733 6933 $
330  734 6932 $
331  735 6937 $
332  736 6936 $
333  737 6938 $
334  739 6941 $
335  740 6940 $
336  748 3805 $
337  749 5116 $
338  750 4320 $
339  751 5018 $
340  752 5017 $
341  754 3582 $
342  755 4593 $
343  781 5320 $
344  782 7707 $
345  789 6463 $
346  792 4597 $
347  799 3809 $
348  805 4852 $
349  818 6903 $
350  819 7528 $
351  820 6901 $
352  821 4538 $
353  822 5258 $
354  824 4537 $
355  825 4522 $
356  826 4521 $
357  827 4526 $
358  829 5235 $
359  830 5122 $
360  831 6984 $
361  834 4195 $
362  835 4977 $
363  841 5568 $
364  842 4185 $
365  843 4851 $
366  847 5653 $
367  848 6785 $
368  849 6714 $
369  851 6759 $
370  854 7013 $
371  855 7478 $
372  857 7408 $
373  859 7059 $
374  861 4808 $
375  862 4806 $
376  863 4790 $
377  864 3979 $
378  866 6129 $
379  868 6156 $
380  869 6155 $
381  874 6952 $
382  876 4352 $
383  877 7067 $
384  880 5344 $
385  886 3978 $
386  887 7202 $
387  888 7200 $
388  889 7198 $
389  890 7211 $
390  891 7210 $
391  892 7209 $
392  894 7213 $
393  895 7224 $
394  896 7222 $
395  898 7657 $
396  899 4481 $
397  900 4487 $
398  901 4474 $
399  902 4472 $
400  904 7595 $
401  905 7597 $
402  906 7599 $
403  908 7601 $
404  909 7588 $
405  910 4535 $
406  911 3519 $
407  914 5895 $
408  916 5176 $
409  919 3706 $
410  926 4236 $
411  927 4239 $
412  928 4238 $
413  929 4234 $
414  930 3853 $
415  931 3855 $
416  933 4552 $
417  934 4547 $
418  935 4548 $
419  936 4549 $
420  937 4533 $
421  941 6733 $
422  944 3784 $
423  946 7630 $
424  959 6471 $
425  960 6473 $
426  962 4314 $
427  963 4312 $
428  964 5143 $
429  969 5265 $
430  970 6092 $
431  973 4269 $
432  977 3466 $
433  978 3465 $
434  980 6300 $
435  989 4920 $
436  993 5870 $
437  994 6094 $
438  995 6797 $
439  996 5263 $
440  997 5261 $
441  998 3711 $
442  1012 4338 $
443  1015 6410 $
444  1024 5301 $
445  1034 5677 $
446  1037 6335 $
447  1041 6339 $
448  1042 4260 $
449  1043 6896 $
450  1045 5358 $
451  1046 3709 $
452  1057 7541 $
453  1064 4399 $
454  1068 3598 $
455  1073 6833 $
456  1074 5121 $
457  1077 5992 $
458  1079 5820 $
459  1082 6949 $
460  1083 5506 $
461  1084 5505 $
462  1088 7057 $
463  1091 5259 $
464  1092 4553 $
465  1093 4559 $
466  1094 4558 $
467  1095 4557 $
468  1096 4556 $
469  1097 3636 $
470  1101 3661 $
471  1103 3852 $
472  1104 6757 $
473  1107 5124 $
474  1108 4299 $
475  1109 4309 $
476  1110 5285 $
477  1112 5318 $
478  1113 7268 $
479  1115 4765 $
480  1116 7341 $
481  1117 7344 $
482  1118 7324 $
483  1119 7327 $
484  1122 7288 $
485  1123 6065 $
486  1124 7338 $
487  1125 7335 $
488  1126 7350 $
489  1127 7347 $
490  1131 6647 $
491  1136 3927 $
492  1139 5127 $
493  1141 6771 $
494  1142 6954 $
495  1143 7625 $
496  1147 7468 $
497  1156 6269 $
498  1157 4204 $
499  1160 6030 $
500  1161 6032 $
501  1162 3577 $
502  1168 3878 $
503  1169 3871 $
504  1170 5093 $
505  1175 4428 $
506  1185 7683 $
507  1188 3991 $
508  1189 3976 $
509  1191 7220 $
510  1193 4173 $
511  1194 4167 $
512  1195 4168 $
513  1196 4169 $
514  1197 4171 $
515  1198 4161 $
516  1199 4163 $
517  1200 4165 $
518  1201 4166 $
519  1202 4153 $
520  1203 4154 $
521  1204 4155 $
522  1205 4147 $
523  1209 4410 $
524  1210 4423 $
525  1211 4421 $
526  1212 4419 $
527  1213 4417 $
528  1214 4431 $
529  1215 4429 $
530  1217 4425 $
531  1218 4433 $
532  1219 4432 $
533  1220 3956 $
534  1221 3962 $
535  1222 3960 $
536  1226 3973 $
537  1227 3972 $
538  1229 7115 $
539  1231 7111 $
540  1232 7109 $
541  1234 4883 $
542  1235 4880 $
543  1236 4878 $
544  1237 4864 $
545  1238 4863 $
546  1239 4862 $
547  1240 6376 $
548  1241 6373 $
549  1242 4861 $
550  1243 6370 $
551  1244 6367 $
552  1245 6383 $
553  1246 6380 $
554  1247 6357 $
555  1248 6361 $
556  1249 6360 $
557  1250 6359 $
558  1252 7635 $
559  1253 7634 $
560  1257 7447 $
561  1258 5552 $
562  1259 5628 $
563  1260 5639 $
564  1261 5638 $
565  1264 3795 $
566  1268 5345 $
567  1269 5490 $
568  1270 5488 $
569  1271 5101 $
570  1276 7086 $
571  1278 3678 $
572  1279 5170 $
573  1280 3676 $
574  1286 6806 $
575  1293 4642 $
576  1294 4643 $
577  1295 4641 $
578  1296 6034 $
579  1298 7106 $
580  1304 6654 $
581  1307 7534 $
582  1308 7616 $
583  1309 7620 $
584  1310 6116 $
585  1312 6378 $
586  1313 4200 $
587  1332 5312 $
588  1333 5310 $
589  1336 7127 $
590  1337 7139 $
591  1338 6390 $
592  1341 6139 $
593  1350 6479 $
594  1351 7452 $
595  1355 7306 $
596  1360 7473 $
597  1361 7467 $
598  1362 7465 $
599  1366 3559 $
600  1367 5255 $
601  1373 4441 $
602  1375 5046 $
603  1376 4282 $
604  1379 3550 $
605  1381 5188 $
606  1382 5189 $
607  1383 5075 $
608  1384 7095 $
609  1385 7107 $
610  1386 7105 $
611  1390 7626 $
612  1391 4489 $
613  1395 7112 $
614  1396 7110 $
615  1401 6260 $
616  1403 6262 $
617  1404 3638 $
618  1405 3656 $
619  1406 3648 $
620  1407 5758 $
621  1408 6016 $
622  1414 6661 $
623  1415 6652 $
624  1417 7099 $
625  1418 5448 $
626  1421 5187 $
627  1433 3905 $
628  1457 6237 $
629  1487 3779 $
630  1488 3600 $
631  1493 5169 $
632  1498 3697 $
633  1501 5102 $
634  1503 5120 $
635  1504 5027 $
636  1505 5025 $
637  1506 6669 $
638  1510 4766 $
639  1511 7449 $
640  1515 7410 $
641  1516 7352 $
642  1517 7645 $
643  1518 7580 $
644  1520 5139 $
645  1522 6737 $
646  1529 4072 $
647  1533 6951 $
648  1534 5520 $
649  1535 5523 $
650  1536 5526 $
651  1541 3884 $
652  1542 4879 $
653  1543 5755 $
654  1544 7072 $
655  1545 4255 $
656  1546 4868 $
657  1553 7521 $
658  1554 5338 $
659  1555 7662 $
660  1556 7661 $
661  1557 7660 $
662  1558 7667 $
663  1570 6735 $
664  1572 3896 $
665  1574 3672 $
666  1575 3669 $
667  1576 3674 $
668  1577 3681 $
669  1578 3679 $
670  1579 3677 $
671  1580 3675 $
672  1581 3686 $
673  1582 4563 $
674  1587 5040 $
675  1590 4586 $
676  1591 4954 $
677  1593 3612 $
678  1608 5487 $
679  1609 7286 $
680  1611 5658 $
681  1612 5657 $
682  1613 5655 $
683  1617 6469 $
684  1618 4130 $
685  1619 4119 $
686  1620 4121 $
687  1621 4360 $
688  1632 6878 $
689  1638 4060 $
690  1639 7247 $
691  1641 4944 $
692  1653 6161 $
693  1656 3658 $
694  1657 3660 $
695  1658 6780 $
696  1659 5117 $
697  1660 7126 $
698  1661 7124 $
699  1663 7122 $
700  1665 6347 $
701  1667 6338 $
702  1676 7056 $
703  1693 6196 $
704  1695 4105 $
705  1696 4107 $
706  1717 7003 $
707  1719 4297 $
708  1721 5372 $
709  1722 5442 $
710  1729 7389 $
711  1738 5853 $
712  1749 3944 $
713  1752 5278 $
714  1753 5247 $
715  1760 4788 $
716  1764 3728 $
717  1765 6667 $
718  1770 6162 $
719  1776 6439 $
720  1777 4379 $
721  1779 4377 $
722  1780 6598 $
723  1781 5528 $
724  1785 6945 $
725  1786 6947 $
726  1787 7391 $
727  1790 5547 $
728  1791 5545 $
729  1799 6208 $
730  1802 3814 $
731  1808 3771 $
732  1809 3768 $
733  1810 4343 $
734  1811 3993 $
735  1812 3997 $
736  1813 4968 $
737  1814 6766 $
738  1819 3653 $
739  1820 3655 $
740  1837 7703 $
741  1843 7462 $
742  1851 5326 $
743  1863 6531 $
744  1864 3649 $
745  1871 7506 $
746  1872 4970 $
747  1874 5334 $
748  1876 6854 $
749  1879 3900 $
750  1881 3902 $
751  1882 3912 $
752  1893 4695 $
753  1894 4762 $
754  1895 4761 $
755  1896 5948 $
756  1899 5096 $
757  1900 5106 $
758  1901 5104 $
759  1903 3917 $
760  1905 3915 $
761  1906 3916 $
762  1907 3921 $
763  1908 3922 $
764  1910 3702 $
765  1911 3703 $
766  1912 3705 $
767  1913 3692 $
768  1914 3694 $
769  1916 3698 $
770  1917 3689 $
771  1918 3457 $
772  1920 5305 $
773  1923 4017 $
774  1924 3800 $
775  1936 3730 $
776  1971 7233 $
777  1977 4534 $
778  1979 7071 $
779  1985 6589 $
780  1988 3683 $
781  1989 7178 $
782  1990 6730 $
783  1993 6672 $
784  1996 6803 $
785  2000 3731 $
786  2007 3881 $
787  2008 5436 $
788  2009 4077 $
789  2011 5346 $
790  2012 3448 $
791  2013 7256 $
792  2014 6914 $
793  2015 4357 $
794  2016 4387 $
795  2017 4389 $
796  2018 4381 $
797  2019 6427 $
798  2022 6426 $
799  2026 4524 $
800  2027 6980 $
801  2028 4502 $
802  2029 4926 $
803  2030 6962 $
804  2031 4957 $
805  2032 4550 $
806  2037 6358 $
807  2039 5026 $
808  2040 6637 $
809  2041 6247 $
810  2043 4237 $
811  2044 6165 $
812  2045 4002 $
813  2049 4253 $
814  2050 5613 $
815  2051 5607 $
816  2052 5608 $
817  2053 5609 $
818  2056 7576 $
819  2059 6876 $
820  2061 3467 $
821  2063 3460 $
822  2064 3461 $
823  2065 3462 $
824  2066 3463 $
825  2067 3837 $
826  2069 6004 $
827  2072 6001 $
828  2074 4585 $
829  2079 6099 $
830  2085 5019 $
831  2086 4794 $
832  2088 3633 $
833  2089 4786 $
834  2093 5157 $
835  2094 5158 $
836  2095 5163 $
837  2096 5164 $
838  2097 5165 $
839  2099 7529 $
840  2105 5592 $
841  2106 5651 $
842  2107 6816 $
843  2108 6209 $
844  2112 4485 $
845  2116 3452 $
846  2117 3453 $
847  2120 5010 $
848  2124 3752 $
849  2125 3755 $
850  2126 3758 $
851  2127 3761 $
852  2128 3750 $
853  2132 3742 $
854  2134 4127 $
855  2135 4125 $
856  2136 4135 $
857  2137 4134 $
858  2138 4133 $
859  2139 4132 $
860  2140 4144 $
861  2141 4142 $
862  2142 4140 $
863  2144 5597 $
864  2146 5347 $
865  2157 4348 $
866  2158 6675 $
867  2159 6068 $
868  2164 5692 $
869  2165 5684 $
870  2166 5685 $
871  2167 5686 $
872  2168 5563 $
873  2169 7074 $
874  2170 7240 $
875  2174 4247 $
876  2175 4248 $
877  2176 4249 $
878  2177 4250 $
879  2178 4240 $
880  2182 4259 $
881  2187 5323 $
882  2189 4793 $
883  2192 5551 $
884  2193 5554 $
885  2195 5641 $
886  2197 7472 $
887  2199 5643 $
888  2200 5645 $
889  2201 4444 $
890  2202 5636 $
891  2203 5493 $
892  2204 5422 $
893  2226 3491 $
894  2227 3585 $
895  2229 3907 $
896  2230 3906 $
897  2231 3899 $
898  2234 3459 $
899  2235 3464 $
900  2237 3861 $
901  2238 3857 $
902  2240 5492 $
903  2253 4062 $
904  2255 6056 $
905  2256 3568 $
906  2260 6127 $
907  2266 7622 $
908  2267 7623 $
909  2268 7624 $
910  2269 7618 $
911  2270 7619 $
912  2272 7117 $
913  2274 5325 $
914  2278 4648 $
915  2282 5661 $
916  2284 4912 $
917  2286 4897 $
918  2292 3446 $
919  2295 6642 $
920  2310 6707 $
921  2312 3838 $
922  2313 3840 $
923  2318 5561 $
924  2325 3801 $
925  2326 6047 $
926  2337 4131 $
927  2338 6327 $
928  2339 4805 $
929  2344 6217 $
930  2347 3792 $
931  2348 6874 $
932  2354 4657 $
933  2355 4652 $
934  2356 4661 $
935  2359 4658 $
936  2360 4666 $
937  2361 4671 $
938  2362 4669 $
939  2363 4646 $
940  2365 3928 $
941  2367 3929 $
942  2373 3803 $
943  2375 7019 $
944  2376 5450 $
945  2377 7673 $
946  2380 3887 $
947  2382 3886 $
948  2383 3892 $
949  2384 3893 $
950  2385 3894 $
951  2390 5676 $
952  2392 3911 $
953  2396 7299 $
954  2397 6282 $
955  2402 7687 $
956  2407 5269 $
957  2418 7050 $
958  2420 4578 $
959  2421 4579 $
960  2422 5576 $
961  2423 3690 $
962  2424 3687 $
963  2425 5571 $
964  2426 4401 $
965  2428 4655 $
966  2429 4895 $
967  2430 6175 $
968  2431 3842 $
969  2435 4523 $
970  2436 4518 $
971  2437 4517 $
972  2438 7461 $
973  2440 4174 $
974  2442 5508 $
975  2443 4746 $
976  2447 6712 $
977  2448 5370 $
978  2450 4050 $
979  2452 3541 $
980  2454 5455 $
981  2455 4215 $
982  2456 6729 $
983  2458 3504 $
984  2459 3506 $
985  2461 3502 $
986  2463 7698 $
987  2464 7697 $
988  2465 7696 $
989  2468 7515 $
990  2471 3719 $
991  2472 7421 $
992  2473 7429 $
993  2475 6801 $
994  2479 6309 $
995  2480 6312 $
996  2481 6314 $
997  2483 4304 $
998  2491 5415 $
999  2493 5423 $
1000 2495 6824 $
1001 2496 7537 $
1002 2497 7581 $
1003 2499 3566 $
1004 2502 5200 $
1005 2503 4969 $
1006 2507 6703 $
1007 2508 3713 $
1008 2511 6724 $
1009 2512 4393 $
1010 2524 7638 $
1011 2526 6007 $
1012 2529 5969 $
1013 2531 6212 $
1014 2539 4265 $
1015 2540 6847 $
1016 2542 4271 $
1017 2546 6147 $
1018 2548 6990 $
1019 2550 4737 $
1020 2551 4731 $
1021 2552 6214 $
1022 2555 3818 $
1023 2556 6430 $
1024 2557 6516 $
1025 2563 7682 $
1026 2578 7669 $
1027 2579 7678 $
1028 2580 7676 $
1029 2593 7704 $
1030 2595 7705 $
1031 2596 3797 $
1032 2598 6242 $
1033 2601 6226 $
1034 2602 4913 $
1035 2604 5625 $
1036 2605 6306 $
1037 2606 6307 $
1038 2608 3580 $
1039 2609 3578 $
1040 2613 7251 $
1041 2615 5558 $
1042 2619 3720 $
1043 2620 4227 $
1044 2624 6907 $
1045 2625 6894 $
1046 2627 6271 $
1047 2628 7000 $
1048 2636 6416 $
1049 2637 6414 $
1050 2640 3579 $
1051 2641 5287 $
1052 2644 6389 $
1053 2646 4403 $
1054 2654 4749 $
1055 2657 4605 $
1056 2658 4606 $
1057 2659 4607 $
1058 2660 4608 $
1059 2661 4600 $
1060 2662 4601 $
1061 2663 4602 $
1062 2664 4610 $
1063 2665 4612 $
1064 2666 4614 $
1065 2667 4623 $
1066 2668 4624 $
1067 2669 4625 $
1068 2670 4626 $
1069 2671 4620 $
1070 2672 4580 $
1071 2673 4020 $
1072 2678 3601 $
1073 2681 6627 $
1074 2691 3725 $
1075 2694 5115 $
1076 2695 5114 $
1077 2696 6169 $
1078 2697 4496 $
1079 2701 5647 $
1080 2705 6213 $
1081 2706 6134 $
1082 2709 3895 $
1083 2710 3890 $
1084 2711 3889 $
1085 2713 6026 $
1086 2715 7134 $
1087 2716 7125 $
1088 2718 6732 $
1089 2719 5313 $
1090 2720 4941 $
1091 2721 5670 $
1092 2722 5672 $
1093 2723 7012 $
1094 2726 4058 $
1095 2727 3808 $
1096 2728 3811 $
1097 2742 5207 $
1098 2746 6404 $
1099 2750 3662 $
1100 2752 3665 $
1101 2753 7387 $
1102 2754 3652 $
1103 2755 3654 $
1104 2756 3645 $
1105 2758 6959 $
1106 2760 5961 $
1107 2771 6752 $
1108 2772 5879 $
1109 2775 4470 $
1110 2782 5746 $
1111 2783 6626 $
1112 2784 5472 $
1113 2804 3610 $
1114 2805 7500 $
1115 2817 5497 $
1116 2824 6527 $
1117 2825 6528 $
1118 2826 6530 $
1119 2827 6533 $
1120 2828 5229 $
1121 2831 7155 $
1122 2835 6107 $
1123 2838 4449 $
1124 2839 3501 $
1125 2840 3499 $
1126 2841 3509 $
1127 2847 6987 $
1128 2851 6784 $
1129 2858 6639 $
1130 2861 6229 $
1131 2863 5368 $
1132 2865 6595 $
1133 2867 3710 $
1134 2868 5260 $
1135 2869 5721 $
1136 2871 5872 $
1137 2872 5858 $
1138 2873 5457 $
1139 2874 6640 $
1140 2876 6476 $
1141 2879 5538 $
1142 2883 4660 $
1143 2886 4224 $
1144 2887 4226 $
1145 2888 4220 $
1146 2889 4222 $
1147 2890 4230 $
1148 2891 4231 $
1149 2892 4228 $
1150 2893 4229 $
1151 2895 5366 $
1152 2896 5667 $
1153 2897 4325 $
1154 2905 3924 $
1155 2918 7181 $
1156 2927 4672 $
1157 2928 4673 $
1158 2929 5456 $
1159 2930 4754 $
1160 2931 7128 $
1161 2937 3826 $
1162 2938 3827 $
1163 2940 3833 $
1164 2941 3834 $
1165 2942 3835 $
1166 2943 6333 $
1167 2944 6719 $
1168 2946 3964 $
1169 2949 6490 $
1170 2959 5491 $
1171 2987 4339 $
1172 2990 5738 $
1173 2991 3527 $
1174 2998 4509 $
1175 2999 5712 $
1176 3001 5711 $
1177 3002 6409 $
1178 3003 6402 $
1179 3004 6911 $
1180 3005 7255 $
1181 3006 7253 $
1182 3007 4700 $
1183 3009 7261 $
1184 3010 3870 $
1185 3012 4774 $
1186 3022 6879 $
1187 3027 4588 $
1188 3049 5847 $
1189 3051 4827 $
1190 3052 3765 $
1191 3053 6957 $
1192 3054 7307 $
1193 3055 7304 $
1194 3059 4158 $
1195 3063 7702 $
1196 3064 7700 $
1197 3065 7711 $
1198 3066 7709 $
1199 3067 4981 $
1200 3069 4347 $
1201 3070 6736 $
1202 3073 3948 $
1203 3074 3945 $
1204 3083 7666 $
1205 3084 4885 $
1206 3096 3971 $
1207 3098 6842 $
1208 3099 3718 $
1209 3100 4016 $
1210 3101 4007 $
1211 3103 5083 $
1212 3104 7647 $
1213 3107 5331 $
1214 3108 5303 $
1215 3110 4199 $
1216 3111 4554 $
1217 3115 7587 $
1218 3117 7530 $
1219 3125 3967 $
1220 3126 6090 $
1221 3127 5268 $
1222 3129 6716 $
1223 3132 4206 $
1224 3133 4322 $
1225 3135 3721 $
1226 3136 7642 $
1227 3150 6250 $
1228 3151 6256 $
1229 3153 5683 $
1230 3155 4594 $
1231 3156 6798 $
1232 3158 4368 $
1233 3159 4785 $
1234 3161 3708 $
1235 3162 3707 $
1236 3163 7102 $
1237 3165 6762 $
1238 3166 5431 $
1239 3167 4908 $
1240 3168 5373 $
1241 3169 6019 $
1242 3175 3726 $
1243 3177 5770 $
1244 3178 5785 $
1245 3179 5782 $
1246 3181 5825 $
1247 3182 5824 $
1248 3183 6543 $
1249 3184 6542 $
1250 3185 6541 $
1251 3186 6551 $
1252 3187 6549 $
1253 3188 6547 $
1254 3189 6545 $
1255 3190 6556 $
1256 3191 6554 $
1257 3194 6552 $
1258 3195 6565 $
1259 3196 6564 $
1260 3197 6563 $
1261 3198 6561 $
1262 3199 6573 $
1263 3200 6571 $
1264 3201 6569 $
1265 3202 6567 $
1266 3203 6578 $
1267 3204 6576 $
1268 3205 5575 $
1269 3206 6275 $
1270 3207 6274 $
1271 3208 6279 $
1272 3209 6278 $
1273 3210 6277 $
1274 3211 6276 $
1275 3212 3953 $
1276 3213 3954 $
1277 3215 5908 $
1278 3216 3667 $
1279 3220 6708 $
1280 3221 3903 $
1281 3223 5851 $
1282 3224 5864 $
1283 3225 4891 $
1284 3227 6826 $
1285 3228 7680 $
1286 3229 6828 $
1287 3234 4631 $
1288 3235 6507 $
1289 3240 5931 $
1290 3242 5928 $
1291 3245 6207 $
1292 3248 6740 $
1293 3250 7169 $
1294 3252 5359 $
1295 3253 5458 $
1296 3255 6253 $
1297 3264 5926 $
1298 3272 5357 $
1299 3273 6799 $
1300 3286 4823 $
1301 3289 5733 $
1302 3290 7182 $
1303 3291 4232 $
1304 3296 7689 $
1305 3306 6487 $
1306 3307 6818 $
1307 3308 5289 $
1308 3309 7316 $
1309 3311 7423 $
1310 3312 5951 $
1311 3314 6354 $
1312 3316 3712 $
1313 3318 4508 $
1314 3319 4515 $
1315 3320 4514 $
1316 3321 7036 $
1317 3324 4520 $
1318 3325 4528 $
1319 3326 5756 $
1320 3327 5750 $
1321 3328 5753 $
1322 3329 5736 $
1323 3330 5739 $
1324 3331 5742 $
1325 3332 5745 $
1326 3333 5728 $
1327 3335 4351 $
1328 3336 3849 $
1329 3337 3841 $
1330 3338 3839 $
1331 3354 4402 $
1332 3365 7681 $
1333 3369 5832 $
1334 3370 5831 $
1335 3371 5830 $
1336 3372 4836 $
1337 3373 4834 $
1338 3374 6216 $
1339 3377 4948 $
1340 3381 5675 $
1341 3384 6393 $
1342 3385 6392 $
1343 3386 6394 $
1344 3388 7301 $
1345 3389 7319 $
1346 3391 6245 $
1347 3393 6518 $
1348 3405 7605 $
1349 3409 5924 $
1350 3411 3735 $
1351 3412 3733 $
1352 3416 4457 $
1353 3423 3961 $
1354 3424 7185 $
1355 2 $
1356 3 $
1357 4 $
1358 14 $
1359 15 $
1360 16 $
1361 17 $
1362 18 $
1363 19 $
1364 20 $
1365 22 $
1366 23 $
1367 24 $
1368 25 $
1369 26 $
1370 30 $
1371 31 $
1372 33 $
1373 34 $
1374 35 $
1375 37 $
1376 38 $
1377 39 $
1378 40 $
1379 42 $
1380 43 $
1381 46 $
1382 47 $
1383 48 $
1384 49 $
1385 50 $
1386 51 $
1387 53 $
1388 54 $
1389 55 $
1390 56 $
1391 57 $
1392 58 $
1393 62 $
1394 66 $
1395 67 $
1396 68 $
1397 73 $
1398 78 $
1399 79 $
1400 81 $
1401 82 $
1402 83 $
1403 84 $
1404 86 $
1405 93 $
1406 94 $
1407 96 $
1408 98 $
1409 99 $
1410 100 $
1411 101 $
1412 102 $
1413 103 $
1414 104 $
1415 105 $
1416 106 $
1417 107 $
1418 108 $
1419 109 $
1420 111 $
1421 113 $
1422 114 $
1423 115 $
1424 117 $
1425 118 $
1426 119 $
1427 120 $
1428 121 $
1429 122 $
1430 123 $
1431 126 $
1432 127 $
1433 129 $
1434 135 $
1435 136 $
1436 138 $
1437 140 $
1438 144 $
1439 146 $
1440 147 $
1441 148 $
1442 151 $
1443 156 $
1444 157 $
1445 158 $
1446 161 $
1447 163 $
1448 167 $
1449 168 $
1450 169 $
1451 170 $
1452 171 $
1453 172 $
1454 173 $
1455 175 $
1456 176 $
1457 178 $
1458 179 $
1459 180 $
1460 181 $
1461 184 $
1462 186 $
1463 187 $
1464 188 $
1465 190 $
1466 191 $
1467 192 $
1468 194 $
1469 196 $
1470 197 $
1471 198 $
1472 199 $
1473 200 $
1474 201 $
1475 202 $
1476 205 $
1477 214 $
1478 215 $
1479 216 $
1480 218 $
1481 219 $
1482 220 $
1483 221 $
1484 228 $
1485 229 $
1486 230 $
1487 231 $
1488 234 $
1489 235 $
1490 236 $
1491 240 $
1492 241 $
1493 242 $
1494 243 $
1495 245 $
1496 249 $
1497 250 $
1498 251 $
1499 252 $
1500 253 $
1501 254 $
1502 255 $
1503 256 $
1504 257 $
1505 258 $
1506 259 $
1507 260 $
1508 261 $
1509 262 $
1510 263 $
1511 264 $
1512 265 $
1513 266 $
1514 269 $
1515 273 $
1516 275 $
1517 279 $
1518 280 $
1519 281 $
1520 282 $
1521 283 $
1522 284 $
1523 286 $
1524 287 $
1525 291 $
1526 292 $
1527 295 $
1528 296 $
1529 297 $
1530 300 $
1531 301 $
1532 302 $
1533 304 $
1534 305 $
1535 306 $
1536 307 $
1537 308 $
1538 309 $
1539 310 $
1540 311 $
1541 313 $
1542 314 $
1543 315 $
1544 318 $
1545 320 $
1546 321 $
1547 322 $
1548 331 $
1549 333 $
1550 334 $
1551 338 $
1552 339 $
1553 342 $
1554 346 $
1555 348 $
1556 350 $
1557 352 $
1558 353 $
1559 354 $
1560 355 $
1561 358 $
1562 359 $
1563 360 $
1564 361 $
1565 362 $
1566 363 $
1567 365 $
1568 366 $
1569 367 $
1570 368 $
1571 369 $
1572 370 $
1573 371 $
1574 372 $
1575 374 $
1576 375 $
1577 378 $
1578 379 $
1579 380 $
1580 381 $
1581 382 $
1582 383 $
1583 384 $
1584 385 $
1585 386 $
1586 388 $
1587 389 $
1588 390 $
1589 391 $
1590 392 $
1591 394 $
1592 396 $
1593 397 $
1594 398 $
1595 400 $
1596 401 $
1597 402 $
1598 403 $
1599 405 $
1600 407 $
1601 408 $
1602 411 $
1603 414 $
1604 417 $
1605 418 $
1606 419 $
1607 427 $
1608 428 $
1609 429 $
1610 430 $
1611 432 $
1612 433 $
1613 434 $
1614 435 $
1615 436 $
1616 437 $
1617 439 $
1618 440 $
1619 441 $
1620 442 $
1621 443 $
1622 444 $
1623 445 $
1624 446 $
1625 447 $
1626 449 $
1627 450 $
1628 451 $
1629 452 $
1630 454 $
1631 455 $
1632 456 $
1633 457 $
1634 458 $
1635 459 $
1636 460 $
1637 461 $
1638 462 $
1639 463 $
1640 464 $
1641 465 $
1642 466 $
1643 467 $
1644 469 $
1645 470 $
1646 471 $
1647 472 $
1648 473 $
1649 476 $
1650 477 $
1651 480 $
1652 481 $
1653 482 $
1654 483 $
1655 484 $
1656 487 $
1657 488 $
1658 489 $
1659 490 $
1660 492 $
1661 493 $
1662 494 $
1663 497 $
1664 499 $
1665 500 $
1666 501 $
1667 502 $
1668 503 $
1669 504 $
1670 505 $
1671 508 $
1672 509 $
1673 510 $
1674 511 $
1675 512 $
1676 513 $
1677 514 $
1678 515 $
1679 516 $
1680 518 $
1681 529 $
1682 530 $
1683 531 $
1684 532 $
1685 533 $
1686 535 $
1687 536 $
1688 537 $
1689 538 $
1690 539 $
1691 542 $
1692 543 $
1693 544 $
1694 545 $
1695 546 $
1696 547 $
1697 548 $
1698 549 $
1699 550 $
1700 551 $
1701 552 $
1702 553 $
1703 554 $
1704 555 $
1705 556 $
1706 557 $
1707 558 $
1708 559 $
1709 560 $
1710 561 $
1711 562 $
1712 564 $
1713 565 $
1714 566 $
1715 568 $
1716 569 $
1717 570 $
1718 572 $
1719 573 $
1720 574 $
1721 575 $
1722 576 $
1723 577 $
1724 579 $
1725 580 $
1726 582 $
1727 583 $
1728 584 $
1729 585 $
1730 586 $
1731 588 $
1732 594 $
1733 595 $
1734 598 $
1735 601 $
1736 602 $
1737 605 $
1738 606 $
1739 610 $
1740 611 $
1741 612 $
1742 613 $
1743 615 $
1744 616 $
1745 617 $
1746 618 $
1747 620 $
1748 621 $
1749 622 $
1750 623 $
1751 624 $
1752 625 $
1753 626 $
1754 627 $
1755 628 $
1756 629 $
1757 630 $
1758 631 $
1759 632 $
1760 634 $
1761 635 $
1762 636 $
1763 637 $
1764 638 $
1765 639 $
1766 640 $
1767 645 $
1768 648 $
1769 649 $
1770 650 $
1771 651 $
1772 652 $
1773 653 $
1774 654 $
1775 655 $
1776 656 $
1777 657 $
1778 659 $
1779 661 $
1780 662 $
1781 663 $
1782 664 $
1783 665 $
1784 667 $
1785 668 $
1786 669 $
1787 670 $
1788 671 $
1789 672 $
1790 673 $
1791 674 $
1792 675 $
1793 676 $
1794 677 $
1795 678 $
1796 682 $
1797 683 $
1798 686 $
1799 687 $
1800 689 $
1801 690 $
1802 694 $
1803 695 $
1804 696 $
1805 697 $
1806 698 $
1807 699 $
1808 700 $
1809 703 $
1810 704 $
1811 705 $
1812 706 $
1813 708 $
1814 709 $
1815 710 $
1816 711 $
1817 712 $
1818 713 $
1819 714 $
1820 715 $
1821 717 $
1822 718 $
1823 719 $
1824 720 $
1825 721 $
1826 722 $
1827 723 $
1828 724 $
1829 725 $
1830 726 $
1831 729 $
1832 741 $
1833 744 $
1834 745 $
1835 746 $
1836 747 $
1837 753 $
1838 756 $
1839 757 $
1840 758 $
1841 759 $
1842 760 $
1843 761 $
1844 762 $
1845 763 $
1846 764 $
1847 765 $
1848 766 $
1849 767 $
1850 768 $
1851 769 $
1852 770 $
1853 771 $
1854 772 $
1855 773 $
1856 774 $
1857 775 $
1858 776 $
1859 777 $
1860 778 $
1861 779 $
1862 780 $
1863 783 $
1864 784 $
1865 787 $
1866 788 $
1867 790 $
1868 791 $
1869 793 $
1870 794 $
1871 795 $
1872 796 $
1873 797 $
1874 798 $
1875 800 $
1876 801 $
1877 802 $
1878 803 $
1879 804 $
1880 806 $
1881 807 $
1882 808 $
1883 809 $
1884 810 $
1885 811 $
1886 812 $
1887 813 $
1888 814 $
1889 815 $
1890 816 $
1891 817 $
1892 823 $
1893 828 $
1894 832 $
1895 833 $
1896 836 $
1897 839 $
1898 840 $
1899 844 $
1900 845 $
1901 846 $
1902 850 $
1903 852 $
1904 856 $
1905 860 $
1906 865 $
1907 870 $
1908 872 $
1909 873 $
1910 875 $
1911 878 $
1912 881 $
1913 882 $
1914 883 $
1915 884 $
1916 885 $
1917 897 $
1918 903 $
1919 907 $
1920 912 $
1921 915 $
1922 917 $
1923 918 $
1924 921 $
1925 922 $
1926 923 $
1927 924 $
1928 925 $
1929 932 $
1930 938 $
1931 939 $
1932 940 $
1933 942 $
1934 943 $
1935 945 $
1936 947 $
1937 948 $
1938 949 $
1939 950 $
1940 951 $
1941 952 $
1942 953 $
1943 954 $
1944 956 $
1945 958 $
1946 961 $
1947 965 $
1948 966 $
1949 967 $
1950 968 $
1951 972 $
1952 974 $
1953 975 $
1954 976 $
1955 979 $
1956 981 $
1957 982 $
1958 983 $
1959 984 $
1960 985 $
1961 986 $
1962 987 $
1963 988 $
1964 990 $
1965 991 $
1966 992 $
1967 999 $
1968 1000 $
1969 1001 $
1970 1002 $
1971 1003 $
1972 1004 $
1973 1006 $
1974 1007 $
1975 1008 $
1976 1009 $
1977 1010 $
1978 1013 $
1979 1014 $
1980 1016 $
1981 1017 $
1982 1018 $
1983 1019 $
1984 1020 $
1985 1021 $
1986 1022 $
1987 1023 $
1988 1025 $
1989 1026 $
1990 1027 $
1991 1028 $
1992 1029 $
1993 1030 $
1994 1031 $
1995 1032 $
1996 1033 $
1997 1035 $
1998 1036 $
1999 1039 $
2000 1040 $
2001 1044 $
2002 1047 $
2003 1049 $
2004 1050 $
2005 1051 $
2006 1052 $
2007 1053 $
2008 1055 $
2009 1058 $
2010 1059 $
2011 1060 $
2012 1061 $
2013 1062 $
2014 1063 $
2015 1065 $
2016 1066 $
2017 1067 $
2018 1069 $
2019 1070 $
2020 1071 $
2021 1072 $
2022 1075 $
2023 1076 $
2024 1078 $
2025 1080 $
2026 1081 $
2027 1085 $
2028 1086 $
2029 1087 $
2030 1090 $
2031 1098 $
2032 1099 $
2033 1100 $
2034 1102 $
2035 1106 $
2036 1111 $
2037 1114 $
2038 1120 $
2039 1121 $
2040 1129 $
2041 1130 $
2042 1132 $
2043 1133 $
2044 1134 $
2045 1135 $
2046 1137 $
2047 1138 $
2048 1140 $
2049 1144 $
2050 1145 $
2051 1146 $
2052 1148 $
2053 1149 $
2054 1150 $
2055 1151 $
2056 1152 $
2057 1153 $
2058 1154 $
2059 1155 $
2060 1158 $
2061 1159 $
2062 1163 $
2063 1164 $
2064 1165 $
2065 1166 $
2066 1167 $
2067 1172 $
2068 1173 $
2069 1174 $
2070 1176 $
2071 1177 $
2072 1178 $
2073 1179 $
2074 1180 $
2075 1181 $
2076 1182 $
2077 1183 $
2078 1184 $
2079 1186 $
2080 1187 $
2081 1190 $
2082 1192 $
2083 1206 $
2084 1207 $
2085 1208 $
2086 1216 $
2087 1223 $
2088 1224 $
2089 1225 $
2090 1228 $
2091 1230 $
2092 1233 $
2093 1251 $
2094 1254 $
2095 1255 $
2096 1256 $
2097 1262 $
2098 1263 $
2099 1265 $
2100 1266 $
2101 1267 $
2102 1272 $
2103 1273 $
2104 1274 $
2105 1275 $
2106 1281 $
2107 1282 $
2108 1283 $
2109 1284 $
2110 1285 $
2111 1287 $
2112 1289 $
2113 1290 $
2114 1291 $
2115 1292 $
2116 1297 $
2117 1299 $
2118 1300 $
2119 1301 $
2120 1302 $
2121 1303 $
2122 1305 $
2123 1306 $
2124 1314 $
2125 1315 $
2126 1316 $
2127 1317 $
2128 1318 $
2129 1319 $
2130 1320 $
2131 1321 $
2132 1322 $
2133 1323 $
2134 1324 $
2135 1325 $
2136 1326 $
2137 1327 $
2138 1328 $
2139 1330 $
2140 1331 $
2141 1334 $
2142 1335 $
2143 1339 $
2144 1340 $
2145 1342 $
2146 1343 $
2147 1344 $
2148 1345 $
2149 1346 $
2150 1347 $
2151 1348 $
2152 1349 $
2153 1353 $
2154 1354 $
2155 1356 $
2156 1358 $
2157 1359 $
2158 1363 $
2159 1364 $
2160 1365 $
2161 1368 $
2162 1369 $
2163 1370 $
2164 1371 $
2165 1372 $
2166 1374 $
2167 1377 $
2168 1378 $
2169 1380 $
2170 1387 $
2171 1388 $
2172 1389 $
2173 1392 $
2174 1393 $
2175 1394 $
2176 1397 $
2177 1398 $
2178 1399 $
2179 1402 $
2180 1409 $
2181 1410 $
2182 1411 $
2183 1412 $
2184 1413 $
2185 1419 $
2186 1420 $
2187 1422 $
2188 1423 $
2189 1424 $
2190 1425 $
2191 1426 $
2192 1427 $
2193 1430 $
2194 1431 $
2195 1432 $
2196 1434 $
2197 1435 $
2198 1436 $
2199 1437 $
2200 1438 $
2201 1439 $
2202 1440 $
2203 1441 $
2204 1442 $
2205 1443 $
2206 1444 $
2207 1445 $
2208 1446 $
2209 1447 $
2210 1448 $
2211 1449 $
2212 1450 $
2213 1451 $
2214 1452 $
2215 1454 $
2216 1455 $
2217 1456 $
2218 1458 $
2219 1459 $
2220 1460 $
2221 1461 $
2222 1462 $
2223 1463 $
2224 1464 $
2225 1465 $
2226 1466 $
2227 1467 $
2228 1468 $
2229 1469 $
2230 1470 $
2231 1471 $
2232 1472 $
2233 1473 $
2234 1474 $
2235 1475 $
2236 1476 $
2237 1477 $
2238 1479 $
2239 1480 $
2240 1481 $
2241 1482 $
2242 1483 $
2243 1484 $
2244 1485 $
2245 1486 $
2246 1489 $
2247 1490 $
2248 1491 $
2249 1492 $
2250 1494 $
2251 1495 $
2252 1496 $
2253 1497 $
2254 1499 $
2255 1502 $
2256 1507 $
2257 1508 $
2258 1509 $
2259 1512 $
2260 1513 $
2261 1514 $
2262 1519 $
2263 1521 $
2264 1525 $
2265 1526 $
2266 1527 $
2267 1528 $
2268 1530 $
2269 1531 $
2270 1532 $
2271 1537 $
2272 1538 $
2273 1539 $
2274 1540 $
2275 1547 $
2276 1548 $
2277 1549 $
2278 1550 $
2279 1551 $
2280 1552 $
2281 1559 $
2282 1560 $
2283 1561 $
2284 1562 $
2285 1563 $
2286 1564 $
2287 1565 $
2288 1566 $
2289 1567 $
2290 1568 $
2291 1569 $
2292 1571 $
2293 1583 $
2294 1584 $
2295 1585 $
2296 1586 $
2297 1588 $
2298 1589 $
2299 1594 $
2300 1595 $
2301 1596 $
2302 1597 $
2303 1598 $
2304 1599 $
2305 1600 $
2306 1601 $
2307 1602 $
2308 1603 $
2309 1604 $
2310 1605 $
2311 1606 $
2312 1607 $
2313 1610 $
2314 1615 $
2315 1616 $
2316 1622 $
2317 1623 $
2318 1624 $
2319 1625 $
2320 1626 $
2321 1628 $
2322 1629 $
2323 1630 $
2324 1631 $
2325 1634 $
2326 1635 $
2327 1636 $
2328 1637 $
2329 1640 $
2330 1643 $
2331 1644 $
2332 1645 $
2333 1646 $
2334 1647 $
2335 1648 $
2336 1649 $
2337 1650 $
2338 1651 $
2339 1652 $
2340 1654 $
2341 1655 $
2342 1662 $
2343 1664 $
2344 1666 $
2345 1669 $
2346 1670 $
2347 1671 $
2348 1672 $
2349 1673 $
2350 1674 $
2351 1675 $
2352 1677 $
2353 1678 $
2354 1679 $
2355 1680 $
2356 1681 $
2357 1682 $
2358 1683 $
2359 1684 $
2360 1685 $
2361 1686 $
2362 1687 $
2363 1688 $
2364 1689 $
2365 1690 $
2366 1691 $
2367 1692 $
2368 1694 $
2369 1697 $
2370 1698 $
2371 1699 $
2372 1700 $
2373 1701 $
2374 1702 $
2375 1703 $
2376 1704 $
2377 1705 $
2378 1706 $
2379 1707 $
2380 1708 $
2381 1709 $
2382 1710 $
2383 1711 $
2384 1712 $
2385 1713 $
2386 1714 $
2387 1716 $
2388 1720 $
2389 1723 $
2390 1724 $
2391 1725 $
2392 1726 $
2393 1727 $
2394 1728 $
2395 1730 $
2396 1731 $
2397 1732 $
2398 1733 $
2399 1734 $
2400 1735 $
2401 1736 $
2402 1737 $
2403 1739 $
2404 1740 $
2405 1741 $
2406 1742 $
2407 1743 $
2408 1744 $
2409 1745 $
2410 1746 $
2411 1747 $
2412 1748 $
2413 1750 $
2414 1751 $
2415 1754 $
2416 1755 $
2417 1756 $
2418 1757 $
2419 1758 $
2420 1759 $
2421 1761 $
2422 1762 $
2423 1763 $
2424 1766 $
2425 1767 $
2426 1768 $
2427 1769 $
2428 1771 $
2429 1772 $
2430 1773 $
2431 1774 $
2432 1775 $
2433 1778 $
2434 1782 $
2435 1783 $
2436 1784 $
2437 1788 $
2438 1789 $
2439 1792 $
2440 1794 $
2441 1795 $
2442 1796 $
2443 1797 $
2444 1798 $
2445 1800 $
2446 1801 $
2447 1803 $
2448 1804 $
2449 1805 $
2450 1807 $
2451 1815 $
2452 1816 $
2453 1817 $
2454 1818 $
2455 1821 $
2456 1822 $
2457 1823 $
2458 1824 $
2459 1825 $
2460 1826 $
2461 1827 $
2462 1828 $
2463 1829 $
2464 1830 $
2465 1831 $
2466 1832 $
2467 1833 $
2468 1834 $
2469 1835 $
2470 1836 $
2471 1838 $
2472 1840 $
2473 1841 $
2474 1842 $
2475 1844 $
2476 1845 $
2477 1846 $
2478 1847 $
2479 1848 $
2480 1849 $
2481 1852 $
2482 1853 $
2483 1854 $
2484 1855 $
2485 1856 $
2486 1857 $
2487 1858 $
2488 1859 $
2489 1860 $
2490 1861 $
2491 1862 $
2492 1865 $
2493 1866 $
2494 1867 $
2495 1868 $
2496 1869 $
2497 1870 $
2498 1873 $
2499 1875 $
2500 1877 $
2501 1878 $
2502 1880 $
2503 1883 $
2504 1884 $
2505 1885 $
2506 1886 $
2507 1887 $
2508 1888 $
2509 1889 $
2510 1890 $
2511 1891 $
2512 1892 $
2513 1897 $
2514 1898 $
2515 1902 $
2516 1904 $
2517 1909 $
2518 1915 $
2519 1919 $
2520 1921 $
2521 1922 $
2522 1925 $
2523 1926 $
2524 1927 $
2525 1928 $
2526 1929 $
2527 1930 $
2528 1931 $
2529 1932 $
2530 1933 $
2531 1934 $
2532 1937 $
2533 1938 $
2534 1939 $
2535 1940 $
2536 1941 $
2537 1942 $
2538 1943 $
2539 1944 $
2540 1945 $
2541 1946 $
2542 1947 $
2543 1948 $
2544 1949 $
2545 1950 $
2546 1951 $
2547 1952 $
2548 1953 $
2549 1954 $
2550 1955 $
2551 1956 $
2552 1957 $
2553 1958 $
2554 1959 $
2555 1960 $
2556 1961 $
2557 1962 $
2558 1963 $
2559 1964 $
2560 1965 $
2561 1966 $
2562 1967 $
2563 1968 $
2564 1969 $
2565 1970 $
2566 1972 $
2567 1973 $
2568 1974 $
2569 1975 $
2570 1976 $
2571 1978 $
2572 1980 $
2573 1981 $
2574 1982 $
2575 1983 $
2576 1984 $
2577 1986 $
2578 1987 $
2579 1991 $
2580 1992 $
2581 1997 $
2582 1998 $
2583 1999 $
2584 2001 $
2585 2002 $
2586 2003 $
2587 2004 $
2588 2005 $
2589 2010 $
2590 2021 $
2591 2023 $
2592 2024 $
2593 2025 $
2594 2033 $
2595 2034 $
2596 2035 $
2597 2036 $
2598 2038 $
2599 2042 $
2600 2046 $
2601 2047 $
2602 2048 $
2603 2054 $
2604 2055 $
2605 2057 $
2606 2058 $
2607 2060 $
2608 2062 $
2609 2068 $
2610 2070 $
2611 2071 $
2612 2073 $
2613 2075 $
2614 2076 $
2615 2077 $
2616 2080 $
2617 2081 $
2618 2083 $
2619 2084 $
2620 2087 $
2621 2090 $
2622 2091 $
2623 2092 $
2624 2100 $
2625 2102 $
2626 2103 $
2627 2104 $
2628 2109 $
2629 2110 $
2630 2111 $
2631 2113 $
2632 2114 $
2633 2115 $
2634 2118 $
2635 2119 $
2636 2121 $
2637 2122 $
2638 2123 $
2639 2129 $
2640 2130 $
2641 2131 $
2642 2133 $
2643 2143 $
2644 2147 $
2645 2148 $
2646 2150 $
2647 2151 $
2648 2152 $
2649 2153 $
2650 2154 $
2651 2155 $
2652 2156 $
2653 2160 $
2654 2161 $
2655 2162 $
2656 2163 $
2657 2171 $
2658 2173 $
2659 2179 $
2660 2180 $
2661 2181 $
2662 2183 $
2663 2184 $
2664 2185 $
2665 2186 $
2666 2188 $
2667 2190 $
2668 2194 $
2669 2196 $
2670 2198 $
2671 2206 $
2672 2207 $
2673 2209 $
2674 2210 $
2675 2211 $
2676 2212 $
2677 2213 $
2678 2214 $
2679 2215 $
2680 2217 $
2681 2218 $
2682 2219 $
2683 2220 $
2684 2221 $
2685 2222 $
2686 2223 $
2687 2224 $
2688 2225 $
2689 2228 $
2690 2232 $
2691 2233 $
2692 2236 $
2693 2239 $
2694 2241 $
2695 2242 $
2696 2243 $
2697 2244 $
2698 2245 $
2699 2246 $
2700 2247 $
2701 2248 $
2702 2250 $
2703 2251 $
2704 2252 $
2705 2254 $
2706 2257 $
2707 2258 $
2708 2259 $
2709 2261 $
2710 2262 $
2711 2263 $
2712 2264 $
2713 2271 $
2714 2273 $
2715 2275 $
2716 2276 $
2717 2277 $
2718 2279 $
2719 2280 $
2720 2281 $
2721 2283 $
2722 2285 $
2723 2287 $
2724 2288 $
2725 2289 $
2726 2290 $
2727 2291 $
2728 2293 $
2729 2294 $
2730 2296 $
2731 2297 $
2732 2298 $
2733 2299 $
2734 2300 $
2735 2301 $
2736 2302 $
2737 2303 $
2738 2304 $
2739 2305 $
2740 2306 $
2741 2307 $
2742 2308 $
2743 2311 $
2744 2314 $
2745 2315 $
2746 2316 $
2747 2317 $
2748 2319 $
2749 2320 $
2750 2321 $
2751 2322 $
2752 2323 $
2753 2324 $
2754 2327 $
2755 2328 $
2756 2329 $
2757 2330 $
2758 2331 $
2759 2332 $
2760 2333 $
2761 2334 $
2762 2335 $
2763 2336 $
2764 2340 $
2765 2341 $
2766 2342 $
2767 2343 $
2768 2345 $
2769 2346 $
2770 2349 $
2771 2350 $
2772 2351 $
2773 2352 $
2774 2353 $
2775 2357 $
2776 2358 $
2777 2364 $
2778 2366 $
2779 2368 $
2780 2369 $
2781 2370 $
2782 2371 $
2783 2372 $
2784 2374 $
2785 2378 $
2786 2379 $
2787 2381 $
2788 2386 $
2789 2387 $
2790 2388 $
2791 2389 $
2792 2391 $
2793 2393 $
2794 2394 $
2795 2395 $
2796 2398 $
2797 2399 $
2798 2400 $
2799 2401 $
2800 2403 $
2801 2404 $
2802 2405 $
2803 2406 $
2804 2408 $
2805 2410 $
2806 2412 $
2807 2413 $
2808 2414 $
2809 2415 $
2810 2416 $
2811 2417 $
2812 2419 $
2813 2427 $
2814 2432 $
2815 2433 $
2816 2434 $
2817 2439 $
2818 2441 $
2819 2444 $
2820 2445 $
2821 2446 $
2822 2449 $
2823 2451 $
2824 2453 $
2825 2457 $
2826 2460 $
2827 2462 $
2828 2466 $
2829 2467 $
2830 2469 $
2831 2470 $
2832 2476 $
2833 2477 $
2834 2482 $
2835 2484 $
2836 2485 $
2837 2486 $
2838 2487 $
2839 2488 $
2840 2489 $
2841 2490 $
2842 2492 $
2843 2494 $
2844 2500 $
2845 2501 $
2846 2504 $
2847 2505 $
2848 2506 $
2849 2509 $
2850 2510 $
2851 2513 $
2852 2514 $
2853 2515 $
2854 2516 $
2855 2517 $
2856 2518 $
2857 2519 $
2858 2520 $
2859 2521 $
2860 2522 $
2861 2523 $
2862 2525 $
2863 2527 $
2864 2528 $
2865 2530 $
2866 2532 $
2867 2533 $
2868 2534 $
2869 2535 $
2870 2536 $
2871 2537 $
2872 2538 $
2873 2541 $
2874 2543 $
2875 2544 $
2876 2545 $
2877 2547 $
2878 2549 $
2879 2553 $
2880 2554 $
2881 2558 $
2882 2559 $
2883 2560 $
2884 2561 $
2885 2562 $
2886 2564 $
2887 2565 $
2888 2566 $
2889 2567 $
2890 2568 $
2891 2569 $
2892 2570 $
2893 2571 $
2894 2572 $
2895 2573 $
2896 2574 $
2897 2575 $
2898 2576 $
2899 2577 $
2900 2581 $
2901 2582 $
2902 2583 $
2903 2584 $
2904 2585 $
2905 2586 $
2906 2587 $
2907 2588 $
2908 2589 $
2909 2591 $
2910 2592 $
2911 2594 $
2912 2599 $
2913 2600 $
2914 2603 $
2915 2607 $
2916 2610 $
2917 2611 $
2918 2612 $
2919 2614 $
2920 2616 $
2921 2617 $
2922 2618 $
2923 2621 $
2924 2622 $
2925 2623 $
2926 2626 $
2927 2629 $
2928 2630 $
2929 2631 $
2930 2632 $
2931 2633 $
2932 2634 $
2933 2635 $
2934 2638 $
2935 2639 $
2936 2642 $
2937 2643 $
2938 2645 $
2939 2648 $
2940 2649 $
2941 2650 $
2942 2651 $
2943 2652 $
2944 2653 $
2945 2655 $
2946 2656 $
2947 2675 $
2948 2676 $
2949 2677 $
2950 2679 $
2951 2680 $
2952 2682 $
2953 2683 $
2954 2684 $
2955 2685 $
2956 2686 $
2957 2687 $
2958 2688 $
2959 2690 $
2960 2692 $
2961 2693 $
2962 2698 $
2963 2699 $
2964 2700 $
2965 2702 $
2966 2703 $
2967 2704 $
2968 2707 $
2969 2712 $
2970 2714 $
2971 2717 $
2972 2724 $
2973 2725 $
2974 2730 $
2975 2731 $
2976 2732 $
2977 2733 $
2978 2734 $
2979 2735 $
2980 2736 $
2981 2738 $
2982 2739 $
2983 2740 $
2984 2741 $
2985 2743 $
2986 2744 $
2987 2745 $
2988 2747 $
2989 2748 $
2990 2751 $
2991 2757 $
2992 2759 $
2993 2761 $
2994 2762 $
2995 2763 $
2996 2764 $
2997 2765 $
2998 2766 $
2999 2767 $
3000 2768 $
3001 2769 $
3002 2773 $
3003 2777 $
3004 2778 $
3005 2780 $
3006 2781 $
3007 2785 $
3008 2786 $
3009 2787 $
3010 2788 $
3011 2789 $
3012 2790 $
3013 2791 $
3014 2792 $
3015 2793 $
3016 2794 $
3017 2795 $
3018 2796 $
3019 2797 $
3020 2798 $
3021 2799 $
3022 2800 $
3023 2801 $
3024 2802 $
3025 2803 $
3026 2806 $
3027 2807 $
3028 2808 $
3029 2809 $
3030 2811 $
3031 2812 $
3032 2813 $
3033 2814 $
3034 2815 $
3035 2816 $
3036 2818 $
3037 2819 $
3038 2820 $
3039 2821 $
3040 2822 $
3041 2823 $
3042 2829 $
3043 2830 $
3044 2832 $
3045 2833 $
3046 2834 $
3047 2836 $
3048 2837 $
3049 2842 $
3050 2843 $
3051 2844 $
3052 2845 $
3053 2846 $
3054 2848 $
3055 2849 $
3056 2850 $
3057 2852 $
3058 2853 $
3059 2854 $
3060 2855 $
3061 2856 $
3062 2857 $
3063 2859 $
3064 2862 $
3065 2866 $
3066 2870 $
3067 2877 $
3068 2878 $
3069 2880 $
3070 2881 $
3071 2882 $
3072 2884 $
3073 2885 $
3074 2894 $
3075 2898 $
3076 2899 $
3077 2900 $
3078 2901 $
3079 2903 $
3080 2904 $
3081 2906 $
3082 2907 $
3083 2908 $
3084 2910 $
3085 2911 $
3086 2912 $
3087 2913 $
3088 2914 $
3089 2916 $
3090 2917 $
3091 2919 $
3092 2920 $
3093 2921 $
3094 2922 $
3095 2923 $
3096 2924 $
3097 2926 $
3098 2932 $
3099 2933 $
3100 2934 $
3101 2935 $
3102 2936 $
3103 2939 $
3104 2945 $
3105 2947 $
3106 2948 $
3107 2950 $
3108 2951 $
3109 2952 $
3110 2953 $
3111 2954 $
3112 2955 $
3113 2956 $
3114 2957 $
3115 2958 $
3116 2960 $
3117 2961 $
3118 2962 $
3119 2963 $
3120 2964 $
3121 2965 $
3122 2966 $
3123 2967 $
3124 2968 $
3125 2969 $
3126 2970 $
3127 2971 $
3128 2972 $
3129 2973 $
3130 2974 $
3131 2975 $
3132 2976 $
3133 2977 $
3134 2978 $
3135 2979 $
3136 2980 $
3137 2981 $
3138 2982 $
3139 2983 $
3140 2984 $
3141 2985 $
3142 2986 $
3143 2988 $
3144 2989 $
3145 2993 $
3146 2994 $
3147 2995 $
3148 2996 $
3149 2997 $
3150 3000 $
3151 3008 $
3152 3011 $
3153 3013 $
3154 3014 $
3155 3015 $
3156 3016 $
3157 3017 $
3158 3018 $
3159 3019 $
3160 3020 $
3161 3021 $
3162 3023 $
3163 3024 $
3164 3025 $
3165 3026 $
3166 3028 $
3167 3029 $
3168 3030 $
3169 3031 $
3170 3032 $
3171 3033 $
3172 3034 $
3173 3035 $
3174 3036 $
3175 3037 $
3176 3038 $
3177 3039 $
3178 3041 $
3179 3042 $
3180 3043 $
3181 3044 $
3182 3045 $
3183 3046 $
3184 3047 $
3185 3048 $
3186 3050 $
3187 3056 $
3188 3057 $
3189 3058 $
3190 3060 $
3191 3061 $
3192 3062 $
3193 3068 $
3194 3071 $
3195 3075 $
3196 3076 $
3197 3077 $
3198 3078 $
3199 3079 $
3200 3080 $
3201 3081 $
3202 3082 $
3203 3085 $
3204 3086 $
3205 3087 $
3206 3088 $
3207 3089 $
3208 3090 $
3209 3091 $
3210 3092 $
3211 3093 $
3212 3094 $
3213 3095 $
3214 3097 $
3215 3102 $
3216 3105 $
3217 3106 $
3218 3109 $
3219 3113 $
3220 3114 $
3221 3116 $
3222 3118 $
3223 3119 $
3224 3120 $
3225 3122 $
3226 3123 $
3227 3124 $
3228 3128 $
3229 3130 $
3230 3131 $
3231 3134 $
3232 3137 $
3233 3138 $
3234 3139 $
3235 3140 $
3236 3141 $
3237 3142 $
3238 3143 $
3239 3144 $
3240 3145 $
3241 3146 $
3242 3147 $
3243 3148 $
3244 3149 $
3245 3152 $
3246 3154 $
3247 3157 $
3248 3164 $
3249 3170 $
3250 3171 $
3251 3172 $
3252 3173 $
3253 3174 $
3254 3176 $
3255 3192 $
3256 3193 $
3257 3214 $
3258 3217 $
3259 3218 $
3260 3226 $
3261 3230 $
3262 3231 $
3263 3232 $
3264 3233 $
3265 3236 $
3266 3237 $
3267 3238 $
3268 3239 $
3269 3241 $
3270 3243 $
3271 3246 $
3272 3247 $
3273 3249 $
3274 3251 $
3275 3254 $
3276 3256 $
3277 3258 $
3278 3259 $
3279 3260 $
3280 3261 $
3281 3262 $
3282 3263 $
3283 3265 $
3284 3266 $
3285 3267 $
3286 3268 $
3287 3269 $
3288 3270 $
3289 3271 $
3290 3274 $
3291 3275 $
3292 3276 $
3293 3277 $
3294 3279 $
3295 3280 $
3296 3281 $
3297 3282 $
3298 3283 $
3299 3284 $
3300 3285 $
3301 3287 $
3302 3288 $
3303 3292 $
3304 3293 $
3305 3294 $
3306 3295 $
3307 3297 $
3308 3298 $
3309 3299 $
3310 3300 $
3311 3301 $
3312 3302 $
3313 3303 $
3314 3304 $
3315 3305 $
3316 3310 $
3317 3313 $
3318 3317 $
3319 3322 $
3320 3323 $
3321 3334 $
3322 3339 $
3323 3340 $
3324 3341 $
3325 3342 $
3326 3343 $
3327 3344 $
3328 3345 $
3329 3346 $
3330 3347 $
3331 3348 $
3332 3349 $
3333 3350 $
3334 3351 $
3335 3352 $
3336 3353 $
3337 3356 $
3338 3357 $
3339 3358 $
3340 3359 $
3341 3360 $
3342 3361 $
3343 3362 $
3344 3363 $
3345 3364 $
3346 3366 $
3347 3367 $
3348 3368 $
3349 3375 $
3350 3376 $
3351 3378 $
3352 3379 $
3353 3382 $
3354 3383 $
3355 3387 $
3356 3390 $
3357 3392 $
3358 3394 $
3359 3395 $
3360 3396 $
3361 3397 $
3362 3398 $
3363 3399 $
3364 3400 $
3365 3402 $
3366 3403 $
3367 3404 $
3368 3406 $
3369 3407 $
3370 3408 $
3371 3413 $
3372 3415 $
3373 3417 $
3374 3418 $
3375 3419 $
3376 3420 $
3377 3421 $
3378 3422 $
3379 3425 $
3380 3426 $
3381 3427 $
3382 3428 $
3383 3430 $
3384 3431 $
3385 3433 $
3386 3434 $
3387 3435 $
3388 3436 $
3389 3439 $
3390 3440 $
3391 3441 $
3392 3442 $
3393 3443 $
3394 3444 $
3395 3447 $
3396 3450 $
3397 3451 $
3398 3454 $
3399 3455 $
3400 3456 $
3401 3458 $
3402 3468 $
3403 3469 $
3404 3470 $
3405 3474 $
3406 3475 $
3407 3476 $
3408 3477 $
3409 3478 $
3410 3479 $
3411 3480 $
3412 3481 $
3413 3482 $
3414 3483 $
3415 3484 $
3416 3485 $
3417 3486 $
3418 3487 $
3419 3488 $
3420 3489 $
3421 3490 $
3422 3492 $
3423 3493 $
3424 3494 $
3425 3495 $
3426 3496 $
3427 3497 $
3428 3498 $
3429 3500 $
3430 3503 $
3431 3505 $
3432 3507 $
3433 3508 $
3434 3512 $
3435 3513 $
3436 3514 $
3437 3516 $
3438 3517 $
3439 3518 $
3440 3520 $
3441 3521 $
3442 3522 $
3443 3523 $
3444 3525 $
3445 3526 $
3446 3528 $
3447 3529 $
3448 3530 $
3449 3531 $
3450 3532 $
3451 3533 $
3452 3535 $
3453 3536 $
3454 3537 $
3455 3538 $
3456 3539 $
3457 3540 $
3458 3542 $
3459 3543 $
3460 3544 $
3461 3545 $
3462 3546 $
3463 3547 $
3464 3548 $
3465 3549 $
3466 3551 $
3467 3552 $
3468 3553 $
3469 3554 $
3470 3555 $
3471 3556 $
3472 3557 $
3473 3558 $
3474 3560 $
3475 3561 $
3476 3562 $
3477 3563 $
3478 3565 $
3479 3569 $
3480 3570 $
3481 3571 $
3482 3572 $
3483 3574 $
3484 3575 $
3485 3576 $
3486 3581 $
3487 3583 $
3488 3584 $
3489 3586 $
3490 3587 $
3491 3588 $
3492 3589 $
3493 3590 $
3494 3591 $
3495 3593 $
3496 3594 $
3497 3596 $
3498 3599 $
3499 3602 $
3500 3603 $
3501 3604 $
3502 3605 $
3503 3606 $
3504 3608 $
3505 3609 $
3506 3611 $
3507 3613 $
3508 3614 $
3509 3615 $
3510 3616 $
3511 3617 $
3512 3618 $
3513 3619 $
3514 3622 $
3515 3623 $
3516 3625 $
3517 3626 $
3518 3627 $
3519 3628 $
3520 3629 $
3521 3630 $
3522 3631 $
3523 3632 $
3524 3634 $
3525 3635 $
3526 3640 $
3527 3641 $
3528 3644 $
3529 3646 $
3530 3647 $
3531 3650 $
3532 3651 $
3533 3657 $
3534 3659 $
3535 3664 $
3536 3666 $
3537 3670 $
3538 3671 $
3539 3673 $
3540 3680 $
3541 3682 $
3542 3684 $
3543 3685 $
3544 3688 $
3545 3695 $
3546 3696 $
3547 3699 $
3548 3700 $
3549 3701 $
3550 3714 $
3551 3715 $
3552 3716 $
3553 3717 $
3554 3722 $
3555 3723 $
3556 3724 $
3557 3727 $
3558 3729 $
3559 3732 $
3560 3734 $
3561 3737 $
3562 3738 $
3563 3739 $
3564 3740 $
3565 3741 $
3566 3743 $
3567 3744 $
3568 3745 $
3569 3746 $
3570 3747 $
3571 3748 $
3572 3749 $
3573 3751 $
3574 3753 $
3575 3754 $
3576 3756 $
3577 3759 $
3578 3760 $
3579 3762 $
3580 3764 $
3581 3769 $
3582 3770 $
3583 3772 $
3584 3773 $
3585 3774 $
3586 3775 $
3587 3776 $
3588 3777 $
3589 3778 $
3590 3780 $
3591 3781 $
3592 3782 $
3593 3783 $
3594 3785 $
3595 3786 $
3596 3787 $
3597 3788 $
3598 3789 $
3599 3790 $
3600 3791 $
3601 3793 $
3602 3794 $
3603 3796 $
3604 3798 $
3605 3799 $
3606 3802 $
3607 3804 $
3608 3806 $
3609 3807 $
3610 3810 $
3611 3813 $
3612 3815 $
3613 3816 $
3614 3819 $
3615 3820 $
3616 3821 $
3617 3822 $
3618 3823 $
3619 3824 $
3620 3825 $
3621 3828 $
3622 3831 $
3623 3832 $
3624 3836 $
3625 3845 $
3626 3846 $
3627 3847 $
3628 3848 $
3629 3850 $
3630 3851 $
3631 3856 $
3632 3858 $
3633 3859 $
3634 3860 $
3635 3863 $
3636 3864 $
3637 3865 $
3638 3866 $
3639 3867 $
3640 3868 $
3641 3869 $
3642 3872 $
3643 3874 $
3644 3875 $
3645 3876 $
3646 3877 $
3647 3879 $
3648 3880 $
3649 3882 $
3650 3883 $
3651 3885 $
3652 3888 $
3653 3891 $
3654 3897 $
3655 3898 $
3656 3901 $
3657 3904 $
3658 3908 $
3659 3910 $
3660 3914 $
3661 3918 $
3662 3925 $
3663 3926 $
3664 3930 $
3665 3931 $
3666 3932 $
3667 3933 $
3668 3934 $
3669 3935 $
3670 3936 $
3671 3937 $
3672 3938 $
3673 3939 $
3674 3940 $
3675 3941 $
3676 3942 $
3677 3943 $
3678 3946 $
3679 3947 $
3680 3949 $
3681 3950 $
3682 3951 $
3683 3955 $
3684 3957 $
3685 3958 $
3686 3959 $
3687 3963 $
3688 3965 $
3689 3966 $
3690 3968 $
3691 3969 $
3692 3970 $
3693 3974 $
3694 3975 $
3695 3977 $
3696 3980 $
3697 3981 $
3698 3982 $
3699 3983 $
3700 3984 $
3701 3985 $
3702 3986 $
3703 3987 $
3704 3988 $
3705 3989 $
3706 3990 $
3707 3992 $
3708 3994 $
3709 3995 $
3710 3998 $
3711 3999 $
3712 4000 $
3713 4001 $
3714 4003 $
3715 4004 $
3716 4005 $
3717 4006 $
3718 4008 $
3719 4009 $
3720 4010 $
3721 4011 $
3722 4012 $
3723 4013 $
3724 4014 $
3725 4015 $
3726 4018 $
3727 4019 $
3728 4021 $
3729 4022 $
3730 4023 $
3731 4024 $
3732 4026 $
3733 4027 $
3734 4028 $
3735 4029 $
3736 4030 $
3737 4032 $
3738 4034 $
3739 4036 $
3740 4037 $
3741 4038 $
3742 4039 $
3743 4040 $
3744 4041 $
3745 4042 $
3746 4043 $
3747 4044 $
3748 4045 $
3749 4046 $
3750 4047 $
3751 4049 $
3752 4051 $
3753 4052 $
3754 4053 $
3755 4054 $
3756 4055 $
3757 4056 $
3758 4057 $
3759 4059 $
3760 4061 $
3761 4063 $
3762 4064 $
3763 4065 $
3764 4066 $
3765 4067 $
3766 4070 $
3767 4073 $
3768 4074 $
3769 4075 $
3770 4076 $
3771 4078 $
3772 4079 $
3773 4080 $
3774 4081 $
3775 4082 $
3776 4083 $
3777 4084 $
3778 4086 $
3779 4087 $
3780 4088 $
3781 4089 $
3782 4090 $
3783 4091 $
3784 4092 $
3785 4093 $
3786 4094 $
3787 4095 $
3788 4096 $
3789 4097 $
3790 4098 $
3791 4099 $
3792 4100 $
3793 4101 $
3794 4102 $
3795 4103 $
3796 4104 $
3797 4106 $
3798 4108 $
3799 4109 $
3800 4110 $
3801 4111 $
3802 4112 $
3803 4113 $
3804 4114 $
3805 4115 $
3806 4116 $
3807 4117 $
3808 4120 $
3809 4122 $
3810 4123 $
3811 4124 $
3812 4126 $
3813 4128 $
3814 4129 $
3815 4137 $
3816 4138 $
3817 4139 $
3818 4141 $
3819 4143 $
3820 4145 $
3821 4146 $
3822 4149 $
3823 4150 $
3824 4152 $
3825 4156 $
3826 4157 $
3827 4159 $
3828 4160 $
3829 4162 $
3830 4164 $
3831 4170 $
3832 4172 $
3833 4175 $
3834 4176 $
3835 4177 $
3836 4178 $
3837 4179 $
3838 4180 $
3839 4181 $
3840 4183 $
3841 4184 $
3842 4187 $
3843 4188 $
3844 4189 $
3845 4190 $
3846 4191 $
3847 4192 $
3848 4193 $
3849 4194 $
3850 4196 $
3851 4197 $
3852 4198 $
3853 4201 $
3854 4202 $
3855 4203 $
3856 4205 $
3857 4207 $
3858 4208 $
3859 4210 $
3860 4211 $
3861 4212 $
3862 4213 $
3863 4217 $
3864 4218 $
3865 4219 $
3866 4221 $
3867 4223 $
3868 4225 $
3869 4235 $
3870 4241 $
3871 4242 $
3872 4243 $
3873 4244 $
3874 4245 $
3875 4246 $
3876 4252 $
3877 4254 $
3878 4256 $
3879 4257 $
3880 4258 $
3881 4261 $
3882 4263 $
3883 4266 $
3884 4267 $
3885 4268 $
3886 4270 $
3887 4272 $
3888 4273 $
3889 4275 $
3890 4276 $
3891 4277 $
3892 4278 $
3893 4279 $
3894 4280 $
3895 4281 $
3896 4283 $
3897 4284 $
3898 4285 $
3899 4286 $
3900 4288 $
3901 4289 $
3902 4291 $
3903 4292 $
3904 4294 $
3905 4295 $
3906 4298 $
3907 4300 $
3908 4301 $
3909 4302 $
3910 4303 $
3911 4305 $
3912 4306 $
3913 4307 $
3914 4308 $
3915 4310 $
3916 4311 $
3917 4313 $
3918 4315 $
3919 4316 $
3920 4317 $
3921 4318 $
3922 4319 $
3923 4321 $
3924 4323 $
3925 4324 $
3926 4326 $
3927 4327 $
3928 4328 $
3929 4330 $
3930 4331 $
3931 4336 $
3932 4337 $
3933 4340 $
3934 4341 $
3935 4342 $
3936 4344 $
3937 4345 $
3938 4346 $
3939 4349 $
3940 4350 $
3941 4353 $
3942 4354 $
3943 4355 $
3944 4356 $
3945 4358 $
3946 4359 $
3947 4361 $
3948 4362 $
3949 4363 $
3950 4364 $
3951 4365 $
3952 4366 $
3953 4367 $
3954 4369 $
3955 4370 $
3956 4371 $
3957 4374 $
3958 4375 $
3959 4376 $
3960 4378 $
3961 4380 $
3962 4382 $
3963 4384 $
3964 4388 $
3965 4390 $
3966 4391 $
3967 4392 $
3968 4394 $
3969 4398 $
3970 4400 $
3971 4404 $
3972 4405 $
3973 4407 $
3974 4408 $
3975 4409 $
3976 4411 $
3977 4412 $
3978 4413 $
3979 4414 $
3980 4415 $
3981 4416 $
3982 4418 $
3983 4422 $
3984 4424 $
3985 4426 $
3986 4427 $
3987 4430 $
3988 4434 $
3989 4435 $
3990 4436 $
3991 4437 $
3992 4438 $
3993 4439 $
3994 4442 $
3995 4443 $
3996 4445 $
3997 4446 $
3998 4447 $
3999 4448 $
4000 4450 $
4001 4451 $
4002 4453 $
4003 4454 $
4004 4455 $
4005 4456 $
4006 4458 $
4007 4459 $
4008 4460 $
4009 4461 $
4010 4467 $
4011 4468 $
4012 4469 $
4013 4471 $
4014 4473 $
4015 4475 $
4016 4476 $
4017 4477 $
4018 4478 $
4019 4480 $
4020 4482 $
4021 4483 $
4022 4486 $
4023 4488 $
4024 4490 $
4025 4491 $
4026 4495 $
4027 4497 $
4028 4498 $
4029 4499 $
4030 4500 $
4031 4501 $
4032 4503 $
4033 4504 $
4034 4505 $
4035 4506 $
4036 4507 $
4037 4512 $
4038 4513 $
4039 4516 $
4040 4519 $
4041 4525 $
4042 4527 $
4043 4529 $
4044 4539 $
4045 4540 $
4046 4542 $
4047 4543 $
4048 4544 $
4049 4545 $
4050 4546 $
4051 4555 $
4052 4560 $
4053 4561 $
4054 4562 $
4055 4564 $
4056 4565 $
4057 4566 $
4058 4567 $
4059 4568 $
4060 4569 $
4061 4570 $
4062 4571 $
4063 4572 $
4064 4573 $
4065 4574 $
4066 4575 $
4067 4576 $
4068 4577 $
4069 4581 $
4070 4582 $
4071 4583 $
4072 4584 $
4073 4587 $
4074 4590 $
4075 4591 $
4076 4592 $
4077 4595 $
4078 4596 $
4079 4598 $
4080 4599 $
4081 4603 $
4082 4604 $
4083 4609 $
4084 4613 $
4085 4616 $
4086 4619 $
4087 4621 $
4088 4622 $
4089 4628 $
4090 4630 $
4091 4632 $
4092 4633 $
4093 4634 $
4094 4635 $
4095 4636 $
4096 4637 $
4097 4638 $
4098 4639 $
4099 4644 $
4100 4645 $
4101 4647 $
4102 4649 $
4103 4650 $
4104 4653 $
4105 4654 $
4106 4656 $
4107 4662 $
4108 4663 $
4109 4664 $
4110 4665 $
4111 4667 $
4112 4668 $
4113 4670 $
4114 4674 $
4115 4675 $
4116 4676 $
4117 4677 $
4118 4678 $
4119 4679 $
4120 4680 $
4121 4681 $
4122 4682 $
4123 4684 $
4124 4685 $
4125 4686 $
4126 4689 $
4127 4690 $
4128 4691 $
4129 4692 $
4130 4693 $
4131 4694 $
4132 4696 $
4133 4697 $
4134 4698 $
4135 4699 $
4136 4701 $
4137 4703 $
4138 4704 $
4139 4705 $
4140 4706 $
4141 4708 $
4142 4709 $
4143 4711 $
4144 4713 $
4145 4714 $
4146 4715 $
4147 4718 $
4148 4719 $
4149 4720 $
4150 4721 $
4151 4723 $
4152 4724 $
4153 4725 $
4154 4726 $
4155 4728 $
4156 4729 $
4157 4733 $
4158 4734 $
4159 4736 $
4160 4738 $
4161 4739 $
4162 4740 $
4163 4741 $
4164 4742 $
4165 4743 $
4166 4744 $
4167 4745 $
4168 4747 $
4169 4750 $
4170 4751 $
4171 4752 $
4172 4753 $
4173 4756 $
4174 4758 $
4175 4759 $
4176 4760 $
4177 4764 $
4178 4767 $
4179 4768 $
4180 4769 $
4181 4770 $
4182 4771 $
4183 4772 $
4184 4773 $
4185 4776 $
4186 4777 $
4187 4778 $
4188 4779 $
4189 4780 $
4190 4781 $
4191 4782 $
4192 4784 $
4193 4787 $
4194 4789 $
4195 4791 $
4196 4795 $
4197 4796 $
4198 4797 $
4199 4798 $
4200 4800 $
4201 4801 $
4202 4802 $
4203 4803 $
4204 4804 $
4205 4807 $
4206 4809 $
4207 4810 $
4208 4812 $
4209 4813 $
4210 4814 $
4211 4815 $
4212 4816 $
4213 4817 $
4214 4818 $
4215 4819 $
4216 4820 $
4217 4821 $
4218 4822 $
4219 4824 $
4220 4825 $
4221 4826 $
4222 4828 $
4223 4829 $
4224 4830 $
4225 4831 $
4226 4833 $
4227 4835 $
4228 4837 $
4229 4838 $
4230 4839 $
4231 4840 $
4232 4841 $
4233 4842 $
4234 4843 $
4235 4844 $
4236 4845 $
4237 4846 $
4238 4847 $
4239 4848 $
4240 4849 $
4241 4850 $
4242 4853 $
4243 4854 $
4244 4855 $
4245 4856 $
4246 4857 $
4247 4858 $
4248 4859 $
4249 4860 $
4250 4865 $
4251 4866 $
4252 4867 $
4253 4869 $
4254 4870 $
4255 4871 $
4256 4872 $
4257 4873 $
4258 4874 $
4259 4875 $
4260 4876 $
4261 4881 $
4262 4882 $
4263 4884 $
4264 4886 $
4265 4887 $
4266 4888 $
4267 4889 $
4268 4890 $
4269 4892 $
4270 4893 $
4271 4894 $
4272 4896 $
4273 4899 $
4274 4900 $
4275 4901 $
4276 4904 $
4277 4905 $
4278 4906 $
4279 4907 $
4280 4909 $
4281 4910 $
4282 4911 $
4283 4914 $
4284 4915 $
4285 4916 $
4286 4917 $
4287 4918 $
4288 4919 $
4289 4921 $
4290 4922 $
4291 4923 $
4292 4924 $
4293 4928 $
4294 4929 $
4295 4931 $
4296 4932 $
4297 4933 $
4298 4934 $
4299 4935 $
4300 4936 $
4301 4937 $
4302 4938 $
4303 4939 $
4304 4940 $
4305 4942 $
4306 4943 $
4307 4946 $
4308 4947 $
4309 4949 $
4310 4950 $
4311 4951 $
4312 4952 $
4313 4955 $
4314 4956 $
4315 4958 $
4316 4959 $
4317 4960 $
4318 4961 $
4319 4962 $
4320 4963 $
4321 4964 $
4322 4965 $
4323 4966 $
4324 4967 $
4325 4971 $
4326 4972 $
4327 4973 $
4328 4974 $
4329 4975 $
4330 4976 $
4331 4978 $
4332 4979 $
4333 4980 $
4334 4982 $
4335 4983 $
4336 4985 $
4337 4986 $
4338 4987 $
4339 4988 $
4340 4989 $
4341 4990 $
4342 4992 $
4343 4993 $
4344 4994 $
4345 4995 $
4346 4996 $
4347 4997 $
4348 4998 $
4349 5001 $
4350 5002 $
4351 5003 $
4352 5004 $
4353 5005 $
4354 5006 $
4355 5007 $
4356 5008 $
4357 5009 $
4358 5011 $
4359 5012 $
4360 5013 $
4361 5014 $
4362 5015 $
4363 5016 $
4364 5020 $
4365 5021 $
4366 5022 $
4367 5023 $
4368 5024 $
4369 5028 $
4370 5029 $
4371 5030 $
4372 5031 $
4373 5032 $
4374 5033 $
4375 5034 $
4376 5036 $
4377 5037 $
4378 5038 $
4379 5039 $
4380 5041 $
4381 5043 $
4382 5044 $
4383 5045 $
4384 5047 $
4385 5048 $
4386 5049 $
4387 5050 $
4388 5051 $
4389 5052 $
4390 5053 $
4391 5054 $
4392 5055 $
4393 5056 $
4394 5057 $
4395 5058 $
4396 5059 $
4397 5060 $
4398 5061 $
4399 5062 $
4400 5063 $
4401 5064 $
4402 5066 $
4403 5067 $
4404 5068 $
4405 5069 $
4406 5070 $
4407 5071 $
4408 5072 $
4409 5073 $
4410 5074 $
4411 5076 $
4412 5077 $
4413 5078 $
4414 5079 $
4415 5081 $
4416 5084 $
4417 5085 $
4418 5086 $
4419 5087 $
4420 5088 $
4421 5089 $
4422 5090 $
4423 5091 $
4424 5092 $
4425 5094 $
4426 5095 $
4427 5097 $
4428 5098 $
4429 5099 $
4430 5103 $
4431 5105 $
4432 5108 $
4433 5110 $
4434 5111 $
4435 5112 $
4436 5113 $
4437 5118 $
4438 5119 $
4439 5123 $
4440 5125 $
4441 5126 $
4442 5128 $
4443 5129 $
4444 5130 $
4445 5131 $
4446 5132 $
4447 5133 $
4448 5134 $
4449 5135 $
4450 5136 $
4451 5137 $
4452 5138 $
4453 5140 $
4454 5141 $
4455 5142 $
4456 5144 $
4457 5145 $
4458 5146 $
4459 5147 $
4460 5148 $
4461 5149 $
4462 5150 $
4463 5151 $
4464 5152 $
4465 5153 $
4466 5155 $
4467 5160 $
4468 5161 $
4469 5166 $
4470 5167 $
4471 5168 $
4472 5172 $
4473 5173 $
4474 5174 $
4475 5175 $
4476 5177 $
4477 5178 $
4478 5181 $
4479 5182 $
4480 5183 $
4481 5184 $
4482 5185 $
4483 5186 $
4484 5190 $
4485 5191 $
4486 5192 $
4487 5193 $
4488 5194 $
4489 5195 $
4490 5196 $
4491 5197 $
4492 5198 $
4493 5199 $
4494 5201 $
4495 5202 $
4496 5203 $
4497 5204 $
4498 5205 $
4499 5208 $
4500 5209 $
4501 5210 $
4502 5211 $
4503 5212 $
4504 5213 $
4505 5214 $
4506 5215 $
4507 5216 $
4508 5217 $
4509 5218 $
4510 5219 $
4511 5220 $
4512 5222 $
4513 5224 $
4514 5225 $
4515 5226 $
4516 5227 $
4517 5228 $
4518 5230 $
4519 5231 $
4520 5232 $
4521 5233 $
4522 5234 $
4523 5236 $
4524 5237 $
4525 5238 $
4526 5239 $
4527 5240 $
4528 5241 $
4529 5242 $
4530 5243 $
4531 5244 $
4532 5245 $
4533 5246 $
4534 5248 $
4535 5249 $
4536 5250 $
4537 5251 $
4538 5252 $
4539 5253 $
4540 5254 $
4541 5256 $
4542 5257 $
4543 5262 $
4544 5264 $
4545 5266 $
4546 5270 $
4547 5271 $
4548 5273 $
4549 5274 $
4550 5275 $
4551 5276 $
4552 5277 $
4553 5279 $
4554 5280 $
4555 5281 $
4556 5282 $
4557 5283 $
4558 5284 $
4559 5286 $
4560 5288 $
4561 5290 $
4562 5291 $
4563 5292 $
4564 5293 $
4565 5294 $
4566 5295 $
4567 5296 $
4568 5297 $
4569 5298 $
4570 5299 $
4571 5302 $
4572 5304 $
4573 5307 $
4574 5308 $
4575 5309 $
4576 5311 $
4577 5314 $
4578 5316 $
4579 5317 $
4580 5319 $
4581 5321 $
4582 5322 $
4583 5324 $
4584 5327 $
4585 5328 $
4586 5329 $
4587 5330 $
4588 5332 $
4589 5333 $
4590 5336 $
4591 5337 $
4592 5339 $
4593 5340 $
4594 5341 $
4595 5342 $
4596 5343 $
4597 5348 $
4598 5349 $
4599 5351 $
4600 5352 $
4601 5354 $
4602 5355 $
4603 5356 $
4604 5360 $
4605 5362 $
4606 5363 $
4607 5364 $
4608 5365 $
4609 5367 $
4610 5369 $
4611 5371 $
4612 5374 $
4613 5375 $
4614 5376 $
4615 5379 $
4616 5380 $
4617 5382 $
4618 5383 $
4619 5384 $
4620 5385 $
4621 5387 $
4622 5388 $
4623 5389 $
4624 5390 $
4625 5392 $
4626 5394 $
4627 5396 $
4628 5399 $
4629 5401 $
4630 5403 $
4631 5405 $
4632 5406 $
4633 5407 $
4634 5408 $
4635 5410 $
4636 5411 $
4637 5412 $
4638 5413 $
4639 5414 $
4640 5416 $
4641 5418 $
4642 5419 $
4643 5420 $
4644 5421 $
4645 5424 $
4646 5425 $
4647 5426 $
4648 5427 $
4649 5428 $
4650 5429 $
4651 5430 $
4652 5432 $
4653 5433 $
4654 5434 $
4655 5435 $
4656 5437 $
4657 5438 $
4658 5440 $
4659 5441 $
4660 5443 $
4661 5444 $
4662 5445 $
4663 5446 $
4664 5447 $
4665 5449 $
4666 5451 $
4667 5452 $
4668 5453 $
4669 5454 $
4670 5459 $
4671 5460 $
4672 5461 $
4673 5462 $
4674 5463 $
4675 5464 $
4676 5465 $
4677 5466 $
4678 5468 $
4679 5471 $
4680 5473 $
4681 5475 $
4682 5476 $
4683 5477 $
4684 5478 $
4685 5479 $
4686 5480 $
4687 5481 $
4688 5483 $
4689 5485 $
4690 5486 $
4691 5489 $
4692 5494 $
4693 5496 $
4694 5499 $
4695 5500 $
4696 5501 $
4697 5502 $
4698 5503 $
4699 5504 $
4700 5507 $
4701 5509 $
4702 5511 $
4703 5512 $
4704 5513 $
4705 5514 $
4706 5515 $
4707 5516 $
4708 5517 $
4709 5518 $
4710 5519 $
4711 5521 $
4712 5522 $
4713 5524 $
4714 5525 $
4715 5527 $
4716 5529 $
4717 5531 $
4718 5532 $
4719 5533 $
4720 5534 $
4721 5535 $
4722 5537 $
4723 5539 $
4724 5540 $
4725 5541 $
4726 5542 $
4727 5543 $
4728 5544 $
4729 5546 $
4730 5548 $
4731 5549 $
4732 5550 $
4733 5553 $
4734 5555 $
4735 5556 $
4736 5557 $
4737 5559 $
4738 5562 $
4739 5564 $
4740 5566 $
4741 5569 $
4742 5570 $
4743 5572 $
4744 5573 $
4745 5574 $
4746 5577 $
4747 5579 $
4748 5580 $
4749 5581 $
4750 5582 $
4751 5583 $
4752 5584 $
4753 5585 $
4754 5586 $
4755 5587 $
4756 5588 $
4757 5589 $
4758 5590 $
4759 5591 $
4760 5593 $
4761 5594 $
4762 5595 $
4763 5596 $
4764 5598 $
4765 5599 $
4766 5600 $
4767 5601 $
4768 5602 $
4769 5603 $
4770 5604 $
4771 5605 $
4772 5606 $
4773 5610 $
4774 5611 $
4775 5612 $
4776 5615 $
4777 5616 $
4778 5617 $
4779 5618 $
4780 5620 $
4781 5622 $
4782 5623 $
4783 5624 $
4784 5626 $
4785 5629 $
4786 5630 $
4787 5631 $
4788 5632 $
4789 5633 $
4790 5634 $
4791 5635 $
4792 5637 $
4793 5640 $
4794 5642 $
4795 5644 $
4796 5646 $
4797 5649 $
4798 5652 $
4799 5654 $
4800 5656 $
4801 5659 $
4802 5660 $
4803 5662 $
4804 5663 $
4805 5664 $
4806 5665 $
4807 5666 $
4808 5668 $
4809 5669 $
4810 5671 $
4811 5673 $
4812 5674 $
4813 5678 $
4814 5679 $
4815 5680 $
4816 5681 $
4817 5682 $
4818 5687 $
4819 5688 $
4820 5689 $
4821 5690 $
4822 5691 $
4823 5693 $
4824 5694 $
4825 5696 $
4826 5697 $
4827 5698 $
4828 5699 $
4829 5700 $
4830 5701 $
4831 5702 $
4832 5703 $
4833 5704 $
4834 5706 $
4835 5707 $
4836 5709 $
4837 5710 $
4838 5713 $
4839 5718 $
4840 5719 $
4841 5720 $
4842 5722 $
4843 5723 $
4844 5724 $
4845 5725 $
4846 5726 $
4847 5727 $
4848 5729 $
4849 5730 $
4850 5731 $
4851 5732 $
4852 5735 $
4853 5737 $
4854 5740 $
4855 5741 $
4856 5743 $
4857 5744 $
4858 5747 $
4859 5748 $
4860 5751 $
4861 5752 $
4862 5754 $
4863 5757 $
4864 5759 $
4865 5760 $
4866 5761 $
4867 5762 $
4868 5763 $
4869 5764 $
4870 5765 $
4871 5766 $
4872 5767 $
4873 5768 $
4874 5769 $
4875 5771 $
4876 5772 $
4877 5773 $
4878 5774 $
4879 5775 $
4880 5776 $
4881 5777 $
4882 5778 $
4883 5779 $
4884 5780 $
4885 5781 $
4886 5783 $
4887 5784 $
4888 5786 $
4889 5788 $
4890 5789 $
4891 5790 $
4892 5791 $
4893 5792 $
4894 5793 $
4895 5795 $
4896 5796 $
4897 5797 $
4898 5798 $
4899 5799 $
4900 5800 $
4901 5801 $
4902 5803 $
4903 5804 $
4904 5805 $
4905 5806 $
4906 5807 $
4907 5808 $
4908 5809 $
4909 5810 $
4910 5811 $
4911 5812 $
4912 5813 $
4913 5814 $
4914 5815 $
4915 5816 $
4916 5817 $
4917 5818 $
4918 5819 $
4919 5821 $
4920 5822 $
4921 5823 $
4922 5826 $
4923 5827 $
4924 5828 $
4925 5829 $
4926 5833 $
4927 5834 $
4928 5835 $
4929 5836 $
4930 5837 $
4931 5838 $
4932 5839 $
4933 5840 $
4934 5841 $
4935 5842 $
4936 5844 $
4937 5845 $
4938 5846 $
4939 5848 $
4940 5852 $
4941 5855 $
4942 5856 $
4943 5857 $
4944 5859 $
4945 5860 $
4946 5861 $
4947 5862 $
4948 5863 $
4949 5865 $
4950 5866 $
4951 5867 $
4952 5868 $
4953 5869 $
4954 5873 $
4955 5875 $
4956 5877 $
4957 5878 $
4958 5880 $
4959 5881 $
4960 5882 $
4961 5883 $
4962 5884 $
4963 5886 $
4964 5888 $
4965 5891 $
4966 5892 $
4967 5893 $
4968 5894 $
4969 5897 $
4970 5900 $
4971 5901 $
4972 5902 $
4973 5903 $
4974 5904 $
4975 5905 $
4976 5906 $
4977 5907 $
4978 5909 $
4979 5910 $
4980 5911 $
4981 5912 $
4982 5913 $
4983 5914 $
4984 5915 $
4985 5916 $
4986 5918 $
4987 5919 $
4988 5921 $
4989 5922 $
4990 5925 $
4991 5927 $
4992 5929 $
4993 5930 $
4994 5933 $
4995 5934 $
4996 5935 $
4997 5936 $
4998 5937 $
4999 5938 $
5000 5939 $
5001 5940 $
5002 5941 $
5003 5942 $
5004 5944 $
5005 5945 $
5006 5946 $
5007 5947 $
5008 5949 $
5009 5950 $
5010 5952 $
5011 5953 $
5012 5954 $
5013 5955 $
5014 5956 $
5015 5958 $
5016 5959 $
5017 5960 $
5018 5962 $
5019 5963 $
5020 5964 $
5021 5965 $
5022 5966 $
5023 5967 $
5024 5968 $
5025 5970 $
5026 5971 $
5027 5972 $
5028 5973 $
5029 5974 $
5030 5975 $
5031 5976 $
5032 5977 $
5033 5978 $
5034 5979 $
5035 5980 $
5036 5981 $
5037 5982 $
5038 5983 $
5039 5985 $
5040 5986 $
5041 5987 $
5042 5988 $
5043 5989 $
5044 5990 $
5045 5993 $
5046 5994 $
5047 5995 $
5048 5996 $
5049 5997 $
5050 5998 $
5051 5999 $
5052 6000 $
5053 6002 $
5054 6003 $
5055 6005 $
5056 6006 $
5057 6008 $
5058 6009 $
5059 6010 $
5060 6011 $
5061 6012 $
5062 6013 $
5063 6014 $
5064 6015 $
5065 6018 $
5066 6020 $
5067 6021 $
5068 6022 $
5069 6023 $
5070 6024 $
5071 6025 $
5072 6027 $
5073 6028 $
5074 6029 $
5075 6031 $
5076 6033 $
5077 6035 $
5078 6036 $
5079 6037 $
5080 6038 $
5081 6039 $
5082 6040 $
5083 6041 $
5084 6042 $
5085 6043 $
5086 6044 $
5087 6045 $
5088 6046 $
5089 6048 $
5090 6049 $
5091 6051 $
5092 6052 $
5093 6053 $
5094 6054 $
5095 6055 $
5096 6057 $
5097 6058 $
5098 6059 $
5099 6060 $
5100 6061 $
5101 6062 $
5102 6063 $
5103 6064 $
5104 6066 $
5105 6067 $
5106 6069 $
5107 6072 $
5108 6073 $
5109 6074 $
5110 6075 $
5111 6076 $
5112 6077 $
5113 6078 $
5114 6079 $
5115 6080 $
5116 6081 $
5117 6082 $
5118 6083 $
5119 6084 $
5120 6085 $
5121 6086 $
5122 6087 $
5123 6088 $
5124 6089 $
5125 6091 $
5126 6093 $
5127 6095 $
5128 6096 $
5129 6097 $
5130 6098 $
5131 6100 $
5132 6101 $
5133 6102 $
5134 6103 $
5135 6104 $
5136 6105 $
5137 6106 $
5138 6108 $
5139 6109 $
5140 6110 $
5141 6111 $
5142 6112 $
5143 6113 $
5144 6114 $
5145 6115 $
5146 6117 $
5147 6121 $
5148 6122 $
5149 6123 $
5150 6124 $
5151 6125 $
5152 6126 $
5153 6128 $
5154 6130 $
5155 6131 $
5156 6132 $
5157 6135 $
5158 6136 $
5159 6138 $
5160 6140 $
5161 6141 $
5162 6142 $
5163 6143 $
5164 6144 $
5165 6145 $
5166 6146 $
5167 6148 $
5168 6149 $
5169 6151 $
5170 6152 $
5171 6153 $
5172 6154 $
5173 6157 $
5174 6158 $
5175 6159 $
5176 6163 $
5177 6164 $
5178 6167 $
5179 6168 $
5180 6171 $
5181 6172 $
5182 6173 $
5183 6174 $
5184 6178 $
5185 6179 $
5186 6180 $
5187 6181 $
5188 6182 $
5189 6183 $
5190 6184 $
5191 6185 $
5192 6186 $
5193 6187 $
5194 6189 $
5195 6190 $
5196 6191 $
5197 6192 $
5198 6193 $
5199 6194 $
5200 6195 $
5201 6197 $
5202 6200 $
5203 6201 $
5204 6202 $
5205 6203 $
5206 6206 $
5207 6210 $
5208 6211 $
5209 6215 $
5210 6218 $
5211 6219 $
5212 6220 $
5213 6221 $
5214 6222 $
5215 6223 $
5216 6224 $
5217 6225 $
5218 6227 $
5219 6228 $
5220 6230 $
5221 6231 $
5222 6232 $
5223 6233 $
5224 6234 $
5225 6235 $
5226 6236 $
5227 6238 $
5228 6239 $
5229 6240 $
5230 6241 $
5231 6243 $
5232 6244 $
5233 6246 $
5234 6248 $
5235 6251 $
5236 6252 $
5237 6254 $
5238 6255 $
5239 6257 $
5240 6258 $
5241 6259 $
5242 6261 $
5243 6263 $
5244 6264 $
5245 6265 $
5246 6266 $
5247 6267 $
5248 6268 $
5249 6270 $
5250 6272 $
5251 6273 $
5252 6283 $
5253 6287 $
5254 6288 $
5255 6289 $
5256 6290 $
5257 6292 $
5258 6293 $
5259 6294 $
5260 6295 $
5261 6296 $
5262 6297 $
5263 6298 $
5264 6299 $
5265 6301 $
5266 6302 $
5267 6303 $
5268 6305 $
5269 6310 $
5270 6313 $
5271 6315 $
5272 6316 $
5273 6317 $
5274 6319 $
5275 6320 $
5276 6321 $
5277 6322 $
5278 6323 $
5279 6324 $
5280 6325 $
5281 6326 $
5282 6328 $
5283 6329 $
5284 6330 $
5285 6331 $
5286 6332 $
5287 6334 $
5288 6336 $
5289 6337 $
5290 6340 $
5291 6341 $
5292 6342 $
5293 6343 $
5294 6344 $
5295 6345 $
5296 6346 $
5297 6348 $
5298 6349 $
5299 6350 $
5300 6351 $
5301 6352 $
5302 6353 $
5303 6355 $
5304 6362 $
5305 6363 $
5306 6364 $
5307 6366 $
5308 6368 $
5309 6369 $
5310 6371 $
5311 6374 $
5312 6377 $
5313 6379 $
5314 6381 $
5315 6384 $
5316 6386 $
5317 6388 $
5318 6391 $
5319 6396 $
5320 6398 $
5321 6399 $
5322 6400 $
5323 6401 $
5324 6403 $
5325 6405 $
5326 6406 $
5327 6407 $
5328 6408 $
5329 6411 $
5330 6412 $
5331 6413 $
5332 6415 $
5333 6417 $
5334 6418 $
5335 6419 $
5336 6422 $
5337 6424 $
5338 6425 $
5339 6429 $
5340 6431 $
5341 6433 $
5342 6434 $
5343 6435 $
5344 6436 $
5345 6437 $
5346 6438 $
5347 6440 $
5348 6441 $
5349 6443 $
5350 6444 $
5351 6445 $
5352 6446 $
5353 6447 $
5354 6448 $
5355 6449 $
5356 6450 $
5357 6451 $
5358 6452 $
5359 6453 $
5360 6454 $
5361 6455 $
5362 6456 $
5363 6457 $
5364 6458 $
5365 6459 $
5366 6460 $
5367 6461 $
5368 6462 $
5369 6464 $
5370 6465 $
5371 6466 $
5372 6467 $
5373 6468 $
5374 6470 $
5375 6472 $
5376 6474 $
5377 6475 $
5378 6477 $
5379 6478 $
5380 6481 $
5381 6482 $
5382 6483 $
5383 6484 $
5384 6485 $
5385 6486 $
5386 6488 $
5387 6489 $
5388 6491 $
5389 6492 $
5390 6493 $
5391 6494 $
5392 6495 $
5393 6497 $
5394 6498 $
5395 6499 $
5396 6500 $
5397 6502 $
5398 6503 $
5399 6504 $
5400 6505 $
5401 6506 $
5402 6508 $
5403 6510 $
5404 6511 $
5405 6512 $
5406 6513 $
5407 6514 $
5408 6515 $
5409 6517 $
5410 6519 $
5411 6521 $
5412 6522 $
5413 6523 $
5414 6524 $
5415 6525 $
5416 6526 $
5417 6529 $
5418 6532 $
5419 6534 $
5420 6535 $
5421 6536 $
5422 6537 $
5423 6538 $
5424 6539 $
5425 6540 $
5426 6544 $
5427 6546 $
5428 6548 $
5429 6550 $
5430 6553 $
5431 6555 $
5432 6558 $
5433 6559 $
5434 6560 $
5435 6562 $
5436 6566 $
5437 6568 $
5438 6570 $
5439 6574 $
5440 6575 $
5441 6577 $
5442 6579 $
5443 6580 $
5444 6581 $
5445 6582 $
5446 6583 $
5447 6584 $
5448 6585 $
5449 6586 $
5450 6587 $
5451 6588 $
5452 6590 $
5453 6591 $
5454 6592 $
5455 6593 $
5456 6596 $
5457 6597 $
5458 6599 $
5459 6600 $
5460 6601 $
5461 6602 $
5462 6603 $
5463 6604 $
5464 6605 $
5465 6606 $
5466 6607 $
5467 6608 $
5468 6609 $
5469 6610 $
5470 6611 $
5471 6612 $
5472 6613 $
5473 6614 $
5474 6615 $
5475 6616 $
5476 6617 $
5477 6618 $
5478 6619 $
5479 6620 $
5480 6621 $
5481 6622 $
5482 6623 $
5483 6624 $
5484 6625 $
5485 6628 $
5486 6629 $
5487 6630 $
5488 6631 $
5489 6632 $
5490 6633 $
5491 6634 $
5492 6635 $
5493 6638 $
5494 6643 $
5495 6644 $
5496 6645 $
5497 6646 $
5498 6648 $
5499 6649 $
5500 6650 $
5501 6651 $
5502 6653 $
5503 6656 $
5504 6657 $
5505 6658 $
5506 6659 $
5507 6662 $
5508 6663 $
5509 6665 $
5510 6666 $
5511 6668 $
5512 6670 $
5513 6673 $
5514 6674 $
5515 6676 $
5516 6677 $
5517 6678 $
5518 6679 $
5519 6681 $
5520 6682 $
5521 6683 $
5522 6684 $
5523 6685 $
5524 6686 $
5525 6687 $
5526 6688 $
5527 6689 $
5528 6690 $
5529 6691 $
5530 6692 $
5531 6694 $
5532 6695 $
5533 6696 $
5534 6697 $
5535 6698 $
5536 6699 $
5537 6700 $
5538 6701 $
5539 6702 $
5540 6704 $
5541 6705 $
5542 6706 $
5543 6709 $
5544 6711 $
5545 6713 $
5546 6715 $
5547 6718 $
5548 6720 $
5549 6721 $
5550 6722 $
5551 6725 $
5552 6726 $
5553 6727 $
5554 6728 $
5555 6731 $
5556 6734 $
5557 6738 $
5558 6739 $
5559 6741 $
5560 6742 $
5561 6743 $
5562 6744 $
5563 6745 $
5564 6746 $
5565 6747 $
5566 6748 $
5567 6749 $
5568 6750 $
5569 6751 $
5570 6754 $
5571 6755 $
5572 6756 $
5573 6758 $
5574 6760 $
5575 6761 $
5576 6763 $
5577 6764 $
5578 6765 $
5579 6767 $
5580 6768 $
5581 6769 $
5582 6770 $
5583 6772 $
5584 6773 $
5585 6774 $
5586 6775 $
5587 6776 $
5588 6777 $
5589 6782 $
5590 6783 $
5591 6786 $
5592 6787 $
5593 6789 $
5594 6790 $
5595 6791 $
5596 6792 $
5597 6793 $
5598 6794 $
5599 6795 $
5600 6796 $
5601 6800 $
5602 6802 $
5603 6804 $
5604 6805 $
5605 6807 $
5606 6808 $
5607 6809 $
5608 6810 $
5609 6811 $
5610 6812 $
5611 6814 $
5612 6815 $
5613 6817 $
5614 6819 $
5615 6821 $
5616 6823 $
5617 6827 $
5618 6829 $
5619 6830 $
5620 6831 $
5621 6832 $
5622 6835 $
5623 6836 $
5624 6837 $
5625 6838 $
5626 6839 $
5627 6840 $
5628 6841 $
5629 6843 $
5630 6844 $
5631 6845 $
5632 6846 $
5633 6848 $
5634 6849 $
5635 6850 $
5636 6851 $
5637 6852 $
5638 6855 $
5639 6856 $
5640 6857 $
5641 6859 $
5642 6860 $
5643 6861 $
5644 6862 $
5645 6863 $
5646 6864 $
5647 6865 $
5648 6866 $
5649 6867 $
5650 6868 $
5651 6869 $
5652 6870 $
5653 6871 $
5654 6872 $
5655 6873 $
5656 6875 $
5657 6877 $
5658 6880 $
5659 6881 $
5660 6882 $
5661 6883 $
5662 6884 $
5663 6885 $
5664 6886 $
5665 6887 $
5666 6888 $
5667 6889 $
5668 6890 $
5669 6891 $
5670 6892 $
5671 6893 $
5672 6895 $
5673 6897 $
5674 6898 $
5675 6899 $
5676 6900 $
5677 6902 $
5678 6904 $
5679 6906 $
5680 6908 $
5681 6909 $
5682 6910 $
5683 6912 $
5684 6913 $
5685 6915 $
5686 6916 $
5687 6917 $
5688 6918 $
5689 6919 $
5690 6920 $
5691 6921 $
5692 6922 $
5693 6923 $
5694 6925 $
5695 6926 $
5696 6927 $
5697 6939 $
5698 6943 $
5699 6944 $
5700 6946 $
5701 6948 $
5702 6950 $
5703 6953 $
5704 6956 $
5705 6958 $
5706 6960 $
5707 6961 $
5708 6963 $
5709 6964 $
5710 6965 $
5711 6966 $
5712 6968 $
5713 6970 $
5714 6971 $
5715 6972 $
5716 6973 $
5717 6974 $
5718 6975 $
5719 6976 $
5720 6977 $
5721 6978 $
5722 6979 $
5723 6981 $
5724 6982 $
5725 6983 $
5726 6985 $
5727 6986 $
5728 6988 $
5729 6989 $
5730 6992 $
5731 6994 $
5732 6995 $
5733 6998 $
5734 6999 $
5735 7001 $
5736 7002 $
5737 7005 $
5738 7007 $
5739 7008 $
5740 7014 $
5741 7016 $
5742 7018 $
5743 7020 $
5744 7021 $
5745 7022 $
5746 7023 $
5747 7024 $
5748 7025 $
5749 7027 $
5750 7028 $
5751 7029 $
5752 7030 $
5753 7033 $
5754 7034 $
5755 7035 $
5756 7037 $
5757 7038 $
5758 7039 $
5759 7040 $
5760 7041 $
5761 7042 $
5762 7044 $
5763 7045 $
5764 7046 $
5765 7048 $
5766 7049 $
5767 7051 $
5768 7052 $
5769 7053 $
5770 7054 $
5771 7055 $
5772 7058 $
5773 7060 $
5774 7061 $
5775 7062 $
5776 7063 $
5777 7064 $
5778 7065 $
5779 7066 $
5780 7068 $
5781 7073 $
5782 7075 $
5783 7076 $
5784 7077 $
5785 7078 $
5786 7079 $
5787 7080 $
5788 7082 $
5789 7083 $
5790 7084 $
5791 7085 $
5792 7087 $
5793 7088 $
5794 7089 $
5795 7090 $
5796 7091 $
5797 7093 $
5798 7094 $
5799 7096 $
5800 7097 $
5801 7098 $
5802 7100 $
5803 7103 $
5804 7108 $
5805 7113 $
5806 7114 $
5807 7118 $
5808 7123 $
5809 7130 $
5810 7131 $
5811 7132 $
5812 7133 $
5813 7135 $
5814 7136 $
5815 7137 $
5816 7140 $
5817 7141 $
5818 7142 $
5819 7143 $
5820 7144 $
5821 7145 $
5822 7146 $
5823 7149 $
5824 7150 $
5825 7151 $
5826 7152 $
5827 7153 $
5828 7156 $
5829 7157 $
5830 7158 $
5831 7159 $
5832 7161 $
5833 7162 $
5834 7163 $
5835 7164 $
5836 7165 $
5837 7167 $
5838 7168 $
5839 7170 $
5840 7171 $
5841 7172 $
5842 7173 $
5843 7174 $
5844 7175 $
5845 7177 $
5846 7179 $
5847 7180 $
5848 7183 $
5849 7184 $
5850 7186 $
5851 7187 $
5852 7188 $
5853 7189 $
5854 7190 $
5855 7191 $
5856 7192 $
5857 7193 $
5858 7194 $
5859 7195 $
5860 7196 $
5861 7197 $
5862 7199 $
5863 7201 $
5864 7203 $
5865 7204 $
5866 7205 $
5867 7206 $
5868 7207 $
5869 7208 $
5870 7212 $
5871 7214 $
5872 7215 $
5873 7218 $
5874 7219 $
5875 7221 $
5876 7223 $
5877 7225 $
5878 7226 $
5879 7227 $
5880 7230 $
5881 7231 $
5882 7232 $
5883 7234 $
5884 7236 $
5885 7237 $
5886 7238 $
5887 7239 $
5888 7241 $
5889 7242 $
5890 7243 $
5891 7244 $
5892 7246 $
5893 7248 $
5894 7249 $
5895 7252 $
5896 7254 $
5897 7257 $
5898 7259 $
5899 7260 $
5900 7262 $
5901 7263 $
5902 7264 $
5903 7265 $
5904 7266 $
5905 7267 $
5906 7269 $
5907 7270 $
5908 7271 $
5909 7272 $
5910 7273 $
5911 7274 $
5912 7275 $
5913 7276 $
5914 7277 $
5915 7278 $
5916 7279 $
5917 7280 $
5918 7281 $
5919 7282 $
5920 7283 $
5921 7284 $
5922 7287 $
5923 7289 $
5924 7290 $
5925 7291 $
5926 7292 $
5927 7293 $
5928 7294 $
5929 7295 $
5930 7296 $
5931 7297 $
5932 7298 $
5933 7300 $
5934 7302 $
5935 7305 $
5936 7308 $
5937 7309 $
5938 7310 $
5939 7311 $
5940 7312 $
5941 7314 $
5942 7315 $
5943 7317 $
5944 7318 $
5945 7320 $
5946 7321 $
5947 7322 $
5948 7323 $
5949 7325 $
5950 7326 $
5951 7330 $
5952 7331 $
5953 7332 $
5954 7333 $
5955 7334 $
5956 7336 $
5957 7337 $
5958 7339 $
5959 7340 $
5960 7342 $
5961 7343 $
5962 7345 $
5963 7346 $
5964 7348 $
5965 7349 $
5966 7351 $
5967 7353 $
5968 7354 $
5969 7356 $
5970 7357 $
5971 7358 $
5972 7359 $
5973 7360 $
5974 7362 $
5975 7363 $
5976 7364 $
5977 7365 $
5978 7366 $
5979 7367 $
5980 7368 $
5981 7369 $
5982 7370 $
5983 7371 $
5984 7372 $
5985 7373 $
5986 7375 $
5987 7376 $
5988 7377 $
5989 7379 $
5990 7381 $
5991 7382 $
5992 7383 $
5993 7384 $
5994 7385 $
5995 7386 $
5996 7388 $
5997 7390 $
5998 7393 $
5999 7394 $
6000 7395 $
6001 7396 $
6002 7397 $
6003 7398 $
6004 7399 $
6005 7400 $
6006 7401 $
6007 7402 $
6008 7403 $
6009 7404 $
6010 7405 $
6011 7406 $
6012 7407 $
6013 7409 $
6014 7411 $
6015 7413 $
6016 7415 $
6017 7416 $
6018 7417 $
6019 7418 $
6020 7419 $
6021 7420 $
6022 7422 $
6023 7424 $
6024 7425 $
6025 7426 $
6026 7427 $
6027 7428 $
6028 7430 $
6029 7431 $
6030 7432 $
6031 7433 $
6032 7434 $
6033 7435 $
6034 7436 $
6035 7437 $
6036 7438 $
6037 7439 $
6038 7440 $
6039 7441 $
6040 7442 $
6041 7443 $
6042 7445 $
6043 7448 $
6044 7450 $
6045 7451 $
6046 7453 $
6047 7455 $
6048 7456 $
6049 7457 $
6050 7458 $
6051 7459 $
6052 7460 $
6053 7464 $
6054 7466 $
6055 7469 $
6056 7470 $
6057 7475 $
6058 7480 $
6059 7481 $
6060 7482 $
6061 7483 $
6062 7484 $
6063 7485 $
6064 7486 $
6065 7487 $
6066 7488 $
6067 7489 $
6068 7490 $
6069 7491 $
6070 7492 $
6071 7494 $
6072 7495 $
6073 7497 $
6074 7498 $
6075 7499 $
6076 7501 $
6077 7502 $
6078 7503 $
6079 7504 $
6080 7505 $
6081 7507 $
6082 7508 $
6083 7509 $
6084 7510 $
6085 7511 $
6086 7512 $
6087 7514 $
6088 7517 $
6089 7519 $
6090 7520 $
6091 7522 $
6092 7523 $
6093 7524 $
6094 7525 $
6095 7532 $
6096 7533 $
6097 7535 $
6098 7536 $
6099 7538 $
6100 7539 $
6101 7540 $
6102 7542 $
6103 7543 $
6104 7544 $
6105 7546 $
6106 7547 $
6107 7548 $
6108 7549 $
6109 7550 $
6110 7552 $
6111 7553 $
6112 7554 $
6113 7555 $
6114 7556 $
6115 7557 $
6116 7558 $
6117 7559 $
6118 7560 $
6119 7561 $
6120 7562 $
6121 7564 $
6122 7565 $
6123 7566 $
6124 7567 $
6125 7568 $
6126 7569 $
6127 7570 $
6128 7571 $
6129 7572 $
6130 7574 $
6131 7577 $
6132 7578 $
6133 7579 $
6134 7582 $
6135 7583 $
6136 7584 $
6137 7585 $
6138 7586 $
6139 7589 $
6140 7590 $
6141 7591 $
6142 7592 $
6143 7593 $
6144 7594 $
6145 7598 $
6146 7600 $
6147 7602 $
6148 7603 $
6149 7604 $
6150 7606 $
6151 7608 $
6152 7609 $
6153 7610 $
6154 7611 $
6155 7612 $
6156 7613 $
6157 7614 $
6158 7615 $
6159 7617 $
6160 7627 $
6161 7628 $
6162 7629 $
6163 7631 $
6164 7632 $
6165 7633 $
6166 7636 $
6167 7637 $
6168 7639 $
6169 7640 $
6170 7641 $
6171 7643 $
6172 7644 $
6173 7646 $
6174 7648 $
6175 7649 $
6176 7650 $
6177 7651 $
6178 7652 $
6179 7653 $
6180 7655 $
6181 7656 $
6182 7658 $
6183 7659 $
6184 7663 $
6185 7664 $
6186 7665 $
6187 7668 $
6188 7670 $
6189 7672 $
6190 7674 $
6191 7677 $
6192 7684 $
6193 7685 $
6194 7686 $
6195 7688 $
6196 7690 $
6197 7691 $
6198 7692 $
6199 7694 $
6200 7695 $
6201 7699 $
6202 7706 $
6203 7708 $
6204 7710 $
6205 7712 $
6206 7713 $
6207 7714 $
6208 7715 $
6209 7716 $
6210 7717 $
6211 7718 $
6212 7719 $
)
